3.141592653589793116e+00 0.000000000000000000e+00 0.000000000000000000e+00
9.779046896842146452e+00 0.000000000000000000e+00 0.000000000000000000e+00
1.679074505270070361e+01 0.000000000000000000e+00 0.000000000000000000e+00
2.419778835983165521e+01 0.000000000000000000e+00 0.000000000000000000e+00
3.202246782180651508e+01 0.000000000000000000e+00 0.000000000000000000e+00
4.028833129039291805e+01 0.000000000000000000e+00 0.000000000000000000e+00
4.902025433124639164e+01 0.000000000000000000e+00 0.000000000000000000e+00
5.824451508526863819e+01 0.000000000000000000e+00 0.000000000000000000e+00
6.798887335092263129e+01 0.000000000000000000e+00 0.000000000000000000e+00
7.828265412549745861e+01 0.000000000000000000e+00 0.000000000000000000e+00
8.915683585673480138e+01 0.000000000000000000e+00 0.000000000000000000e+00
1.006441436704044747e+02 0.000000000000000000e+00 0.000000000000000000e+00
1.127791478543911268e+02 0.000000000000000000e+00 0.000000000000000000e+00
1.255983678956734622e+02 0.000000000000000000e+00 0.000000000000000000e+00
1.391403823832883688e+02 0.000000000000000000e+00 0.000000000000000000e+00
1.534459451080255121e+02 0.000000000000000000e+00 0.000000000000000000e+00
1.931769996332662060e+02 0.000000000000000000e+00 0.000000000000000000e+00
2.431954338124713502e+02 0.000000000000000000e+00 0.000000000000000000e+00
3.061649116588266679e+02 0.000000000000000000e+00 0.000000000000000000e+00
3.854387874870132009e+02 0.000000000000000000e+00 0.000000000000000000e+00
4.852386842585326008e+02 0.000000000000000000e+00 0.000000000000000000e+00
6.108793103986330379e+02 0.000000000000000000e+00 0.000000000000000000e+00
7.690514874001360113e+02 0.000000000000000000e+00 0.000000000000000000e+00
9.681784604661330604e+02 0.000000000000000000e+00 0.000000000000000000e+00
