6.283185307179586232e+00 1.300000000000000000e+01
9.424777960769379348e+00 4.000000000000000000e+00
1.256637061435917246e+01 3.300000000000000000e+01
1.570796326794896558e+01 8.000000000000000000e+00
1.884955592153875870e+01 4.900000000000000000e+01
2.199114857512855181e+01 4.000000000000000000e+01
2.513274122871834493e+01 8.100000000000000000e+01
2.827433388230813804e+01 4.800000000000000000e+01
3.141592653589793116e+01 1.410000000000000000e+02
3.455751918948772072e+01 8.400000000000000000e+01
3.769911184307751739e+01 1.610000000000000000e+02
4.084070449666731406e+01 9.200000000000000000e+01
4.398229715025710362e+01 2.290000000000000000e+02
4.712388980384689319e+01 1.640000000000000000e+02
5.026548245743668986e+01 2.410000000000000000e+02
5.340707511102648652e+01 2.200000000000000000e+02
5.654866776461627609e+01 3.850000000000000000e+02
5.969026041820606565e+01 2.280000000000000000e+02
6.283185307179586232e+01 4.250000000000000000e+02
6.597344572538565899e+01 2.880000000000000000e+02
6.911503837897544145e+01 4.770000000000000000e+02
7.225663103256523812e+01 3.680000000000000000e+02
7.539822368615503478e+01 5.730000000000000000e+02
7.853981633974483145e+01 4.520000000000000000e+02
8.168140899333462812e+01 6.810000000000000000e+02
8.482300164692441058e+01 5.480000000000000000e+02
8.796459430051420725e+01 7.450000000000000000e+02
9.110618695410400392e+01 5.680000000000000000e+02
9.424777960769378637e+01 7.850000000000000000e+02
9.738937226128358304e+01 8.000000000000000000e+02
1.005309649148733797e+02 9.250000000000000000e+02
1.036725575684631764e+02 7.760000000000000000e+02
1.068141502220529730e+02 1.141000000000000000e+03
1.099557428756427555e+02 8.800000000000000000e+02
1.130973355292325522e+02 1.261000000000000000e+03
1.162389281828223488e+02 9.200000000000000000e+02
1.193805208364121313e+02 1.317000000000000000e+03
1.225221134900019280e+02 1.156000000000000000e+03
1.256637061435917246e+02 1.417000000000000000e+03
1.288052987971815071e+02 1.280000000000000000e+03
1.319468914507713180e+02 1.649000000000000000e+03
1.350884841043611004e+02 1.300000000000000000e+03
1.382300767579508829e+02 1.761000000000000000e+03
1.413716694115406938e+02 1.476000000000000000e+03
1.445132620651304762e+02 1.897000000000000000e+03
1.476548547187202871e+02 1.680000000000000000e+03
1.507964473723100696e+02 1.957000000000000000e+03
1.539380400258998520e+02 1.804000000000000000e+03
1.570796326794896629e+02 2.297000000000000000e+03
1.602212253330794454e+02 1.952000000000000000e+03
1.633628179866692562e+02 2.433000000000000000e+03
1.665044106402590387e+02 2.032000000000000000e+03
1.696460032938488212e+02 2.581000000000000000e+03
1.727875959474386320e+02 2.356000000000000000e+03
1.759291886010284145e+02 2.717000000000000000e+03
1.790707812546181970e+02 2.296000000000000000e+03
1.822123739082080078e+02 3.065000000000000000e+03
1.853539665617977903e+02 2.612000000000000000e+03
1.884955592153875727e+02 3.101000000000000000e+03
1.916371518689773836e+02 2.672000000000000000e+03
1.947787445225671661e+02 3.497000000000000000e+03
1.979203371761569770e+02 2.992000000000000000e+03
2.010619298297467594e+02 3.405000000000000000e+03
2.042035224833365419e+02 3.248000000000000000e+03
2.073451151369263528e+02 3.757000000000000000e+03
2.104867077905161352e+02 3.472000000000000000e+03
2.136283004441059461e+02 4.017000000000000000e+03
2.167698930976957286e+02 3.544000000000000000e+03
2.199114857512855110e+02 4.165000000000000000e+03
2.230530784048753219e+02 3.868000000000000000e+03
2.261946710584651044e+02 4.473000000000000000e+03
2.293362637120548868e+02 3.996000000000000000e+03
2.324778563656446977e+02 4.693000000000000000e+03
2.356194490192344801e+02 4.196000000000000000e+03
2.387610416728242626e+02 5.061000000000000000e+03
2.419026343264140735e+02 4.380000000000000000e+03
2.450442269800038559e+02 5.113000000000000000e+03
2.481858196335936668e+02 4.852000000000000000e+03
2.513274122871834493e+02 5.397000000000000000e+03
2.544690049407732317e+02 4.912000000000000000e+03
2.576105975943630142e+02 5.937000000000000000e+03
2.607521902479528535e+02 5.096000000000000000e+03
2.638937829015426360e+02 6.017000000000000000e+03
2.670353755551324184e+02 5.416000000000000000e+03
2.701769682087222009e+02 6.453000000000000000e+03
2.733185608623119833e+02 5.716000000000000000e+03
2.764601535159017658e+02 6.437000000000000000e+03
2.796017461694916051e+02 6.124000000000000000e+03
2.827433388230813875e+02 6.993000000000000000e+03
2.858849314766711700e+02 6.164000000000000000e+03
2.890265241302609525e+02 7.033000000000000000e+03
2.921681167838507349e+02 6.520000000000000000e+03
2.953097094374405742e+02 7.385000000000000000e+03
2.984513020910303567e+02 7.008000000000000000e+03
3.015928947446201391e+02 7.677000000000000000e+03
3.047344873982099216e+02 7.192000000000000000e+03
3.078760800517997041e+02 8.189000000000000000e+03
3.110176727053895434e+02 7.452000000000000000e+03
3.141592653589793258e+02 8.577000000000000000e+03
3.173008580125691083e+02 7.504000000000000000e+03
3.204424506661588907e+02 8.781000000000000000e+03
3.235840433197486732e+02 8.260000000000000000e+03
3.267256359733385125e+02 9.037000000000000000e+03
3.298672286269282949e+02 8.312000000000000000e+03
3.330088212805180774e+02 9.573000000000000000e+03
3.361504139341078599e+02 8.756000000000000000e+03
3.392920065876976423e+02 9.629000000000000000e+03
3.424335992412874248e+02 8.872000000000000000e+03
3.455751918948772641e+02 1.014500000000000000e+04
3.487167845484670465e+02 9.616000000000000000e+03
3.518583772020568290e+02 1.020100000000000000e+04
3.549999698556466114e+02 9.912000000000000000e+03
3.581415625092363939e+02 1.098900000000000000e+04
3.612831551628262332e+02 9.820000000000000000e+03
3.644247478164160157e+02 1.138100000000000000e+04
3.675663404700057981e+02 1.045600000000000000e+04
3.707079331235955806e+02 1.148500000000000000e+04
3.738495257771853630e+02 1.081200000000000000e+04
3.769911184307751455e+02 1.222900000000000000e+04
3.801327110843649848e+02 1.115200000000000000e+04
3.832743037379547673e+02 1.234900000000000000e+04
3.864158963915445497e+02 1.151200000000000000e+04
3.895574890451343322e+02 1.296500000000000000e+04
3.926990816987241146e+02 1.161600000000000000e+04
3.958406743523139539e+02 1.300100000000000000e+04
3.989822670059037364e+02 1.294800000000000000e+04
4.021238596594935188e+02 1.283500000000000000e+04
4.052654523130833013e+02 1.260600000000000000e+04
4.084070449666730838e+02 1.375700000000000000e+04
4.115486376202629231e+02 1.257000000000000000e+04
4.146902302738527055e+02 1.306500000000000000e+04
4.178318229274424880e+02 1.238600000000000000e+04
4.209734155810322704e+02 1.367700000000000000e+04
4.241150082346220529e+02 1.222600000000000000e+04
4.272566008882118922e+02 1.320100000000000000e+04
4.303981935418016747e+02 1.262200000000000000e+04
4.335397861953914571e+02 1.346100000000000000e+04
4.366813788489812396e+02 1.212600000000000000e+04
4.398229715025710220e+02 1.329100000000000000e+04
4.429645641561608045e+02 1.217800000000000000e+04
4.461061568097506438e+02 1.302700000000000000e+04
4.492477494633404262e+02 1.245000000000000000e+04
4.523893421169302087e+02 1.322500000000000000e+04
4.555309347705199912e+02 1.209800000000000000e+04
4.586725274241097736e+02 1.301100000000000000e+04
4.618141200776996129e+02 1.257000000000000000e+04
4.649557127312893954e+02 1.297100000000000000e+04
4.680973053848791778e+02 1.191800000000000000e+04
4.712388980384689603e+02 1.292300000000000000e+04
4.743804906920587428e+02 1.235200000000000000e+04
4.775220833456485252e+02 1.259900000000000000e+04
4.806636759992383645e+02 1.194200000000000000e+04
4.838052686528281470e+02 1.290300000000000000e+04
4.869468613064179294e+02 1.175400000000000000e+04
4.900884539600077119e+02 1.249100000000000000e+04
4.932300466135974943e+02 1.201000000000000000e+04
4.963716392671873336e+02 1.242700000000000000e+04
4.995132319207771161e+02 1.179600000000000000e+04
5.026548245743668986e+02 1.229900000000000000e+04
5.057964172279566810e+02 1.167800000000000000e+04
5.089380098815464635e+02 1.246700000000000000e+04
5.120796025351362459e+02 1.135000000000000000e+04
5.152211951887260284e+02 1.242700000000000000e+04
5.183627878423158108e+02 1.146000000000000000e+04
5.215043804959057070e+02 1.197100000000000000e+04
5.246459731494954895e+02 1.132600000000000000e+04
5.277875658030852719e+02 1.194300000000000000e+04
5.309291584566750544e+02 1.112400000000000000e+04
5.340707511102648368e+02 1.189100000000000000e+04
5.372123437638546193e+02 1.104200000000000000e+04
5.403539364174444017e+02 1.177900000000000000e+04
5.434955290710341842e+02 1.066400000000000000e+04
5.466371217246239667e+02 1.158300000000000000e+04
5.497787143782137491e+02 1.091000000000000000e+04
5.529203070318035316e+02 1.121500000000000000e+04
5.560618996853934277e+02 1.042800000000000000e+04
5.592034923389832102e+02 1.138700000000000000e+04
5.623450849925729926e+02 1.054600000000000000e+04
5.654866776461627751e+02 1.114100000000000000e+04
5.686282702997525575e+02 1.020000000000000000e+04
5.717698629533423400e+02 1.090700000000000000e+04
5.749114556069321225e+02 1.009700000000000000e+04
5.780530482605219049e+02 1.084400000000000000e+04
5.811946409141116874e+02 9.960000000000000000e+03
5.843362335677014698e+02 1.070100000000000000e+04
5.874778262212913660e+02 1.002600000000000000e+04
5.906194188748811484e+02 1.052100000000000000e+04
5.937610115284709309e+02 9.887000000000000000e+03
5.969026041820607134e+02 1.035500000000000000e+04
6.000441968356504958e+02 1.002700000000000000e+04
6.031857894892402783e+02 1.011300000000000000e+04
6.063273821428300607e+02 9.849000000000000000e+03
6.094689747964198432e+02 1.043700000000000000e+04
6.126105674500096256e+02 9.767000000000000000e+03
6.157521601035994081e+02 1.040600000000000000e+04
6.188937527571891906e+02 9.556000000000000000e+03
6.220353454107790867e+02 1.008800000000000000e+04
6.251769380643688692e+02 9.633000000000000000e+03
6.283185307179586516e+02 1.016000000000000000e+04
6.314601233715484341e+02 9.435000000000000000e+03
6.346017160251382165e+02 1.012600000000000000e+04
6.377433086787279990e+02 9.632000000000000000e+03
6.408849013323177815e+02 1.004800000000000000e+04
6.440264939859075639e+02 9.373000000000000000e+03
6.471680866394973464e+02 1.004000000000000000e+04
6.503096792930871288e+02 9.401000000000000000e+03
6.534512719466770250e+02 9.604000000000000000e+03
6.565928646002668074e+02 9.575000000000000000e+03
6.597344572538565899e+02 9.986000000000000000e+03
6.628760499074463723e+02 9.355000000000000000e+03
6.660176425610361548e+02 9.756000000000000000e+03
6.691592352146259373e+02 9.289000000000000000e+03
6.723008278682157197e+02 9.832000000000000000e+03
6.754424205218055022e+02 9.340000000000000000e+03
6.785840131753952846e+02 9.572000000000000000e+03
6.817256058289850671e+02 9.247000000000000000e+03
6.848671984825748495e+02 9.914000000000000000e+03
6.880087911361647457e+02 9.139000000000000000e+03
6.911503837897545282e+02 9.740000000000000000e+03
