9.424777960769379348e+00 3.800000000000000000e+01
1.413716694115406902e+01 2.000000000000000000e+01
1.884955592153875870e+01 8.900000000000000000e+01
2.356194490192344659e+01 8.100000000000000000e+01
2.827433388230813804e+01 1.250000000000000000e+02
3.298672286269282949e+01 1.480000000000000000e+02
3.769911184307751739e+01 2.250000000000000000e+02
4.241150082346220529e+01 2.570000000000000000e+02
4.712388980384689319e+01 3.130000000000000000e+02
5.183627878423158819e+01 3.120000000000000000e+02
5.654866776461627609e+01 4.810000000000000000e+02
6.126105674500096399e+01 5.570000000000000000e+02
6.597344572538565899e+01 5.690000000000000000e+02
7.068583470577034689e+01 5.640000000000000000e+02
7.539822368615503478e+01 8.290000000000000000e+02
8.011061266653972268e+01 8.770000000000000000e+02
8.482300164692441058e+01 9.090000000000000000e+02
8.953539062730909848e+01 9.520000000000000000e+02
9.424777960769378637e+01 1.229000000000000000e+03
9.896016858807848848e+01 1.281000000000000000e+03
1.036725575684631764e+02 1.393000000000000000e+03
1.083849465488478643e+02 1.404000000000000000e+03
1.130973355292325522e+02 1.701000000000000000e+03
1.178097245096172401e+02 1.797000000000000000e+03
1.225221134900019280e+02 1.945000000000000000e+03
1.272345024703866159e+02 1.908000000000000000e+03
1.319468914507713180e+02 2.309000000000000000e+03
1.366592804311559917e+02 2.401000000000000000e+03
1.413716694115406938e+02 2.389000000000000000e+03
1.460840583919253675e+02 2.664000000000000000e+03
1.507964473723100696e+02 2.925000000000000000e+03
1.555088363526947717e+02 3.133000000000000000e+03
1.602212253330794454e+02 3.225000000000000000e+03
1.649336143134641475e+02 3.192000000000000000e+03
1.696460032938488212e+02 3.757000000000000000e+03
1.743583922742335233e+02 3.897000000000000000e+03
1.790707812546181970e+02 3.925000000000000000e+03
1.837831702350028991e+02 4.048000000000000000e+03
1.884955592153875727e+02 4.545000000000000000e+03
1.932079481957722749e+02 4.725000000000000000e+03
1.979203371761569770e+02 4.665000000000000000e+03
2.026327261565416507e+02 4.980000000000000000e+03
2.073451151369263528e+02 5.621000000000000000e+03
2.120575041173110264e+02 5.625000000000000000e+03
2.167698930976957286e+02 5.741000000000000000e+03
2.214822820780804022e+02 5.836000000000000000e+03
2.261946710584651044e+02 6.593000000000000000e+03
2.309070600388498065e+02 6.569000000000000000e+03
2.356194490192344801e+02 6.701000000000000000e+03
2.403318379996191823e+02 6.936000000000000000e+03
2.450442269800038559e+02 7.629000000000000000e+03
2.497566159603885581e+02 7.733000000000000000e+03
2.544690049407732317e+02 8.041000000000000000e+03
2.591813939211579054e+02 7.904000000000000000e+03
2.638937829015426360e+02 8.869000000000000000e+03
2.686061718819273096e+02 9.017000000000000000e+03
2.733185608623119833e+02 9.129000000000000000e+03
2.780309498426967139e+02 9.148000000000000000e+03
2.827433388230813875e+02 1.014500000000000000e+04
2.874557278034660612e+02 1.004500000000000000e+04
2.921681167838507349e+02 1.041300000000000000e+04
2.968805057642354654e+02 1.050000000000000000e+04
3.015928947446201391e+02 1.127700000000000000e+04
3.063052837250048128e+02 1.178100000000000000e+04
3.110176727053895434e+02 1.167700000000000000e+04
3.157300616857742170e+02 1.185600000000000000e+04
3.204424506661588907e+02 1.312500000000000000e+04
3.251548396465435644e+02 1.295300000000000000e+04
3.298672286269282949e+02 1.317700000000000000e+04
3.345796176073129686e+02 1.346400000000000000e+04
3.392920065876976423e+02 1.429300000000000000e+04
3.440043955680823728e+02 1.435300000000000000e+04
3.487167845484670465e+02 1.486500000000000000e+04
3.534291735288517202e+02 1.486400000000000000e+04
3.581415625092363939e+02 1.598100000000000000e+04
3.628539514896211244e+02 1.620900000000000000e+04
3.675663404700057981e+02 1.667300000000000000e+04
3.722787294503904718e+02 1.608000000000000000e+04
3.769911184307751455e+02 1.789700000000000000e+04
3.817035074111598760e+02 1.783300000000000000e+04
3.864158963915445497e+02 1.808900000000000000e+04
3.911282853719292234e+02 1.800400000000000000e+04
3.958406743523139539e+02 1.947300000000000000e+04
4.005530633326986276e+02 1.931100000000000000e+04
4.052654523130833013e+02 1.940500000000000000e+04
4.099778412934679750e+02 1.952800000000000000e+04
4.146902302738527055e+02 1.951700000000000000e+04
4.194026192542373792e+02 1.961100000000000000e+04
4.241150082346220529e+02 1.907700000000000000e+04
4.288273972150067834e+02 1.897200000000000000e+04
4.335397861953914571e+02 1.939700000000000000e+04
4.382521751757761308e+02 1.948100000000000000e+04
4.429645641561608045e+02 1.906900000000000000e+04
4.476769531365455350e+02 1.858600000000000000e+04
4.523893421169302087e+02 1.930900000000000000e+04
4.571017310973148824e+02 1.902500000000000000e+04
4.618141200776996129e+02 1.890300000000000000e+04
4.665265090580842866e+02 1.855600000000000000e+04
4.712388980384689603e+02 1.919900000000000000e+04
4.759512870188536340e+02 1.867500000000000000e+04
4.806636759992383645e+02 1.832900000000000000e+04
4.853760649796230382e+02 1.827000000000000000e+04
4.900884539600077119e+02 1.884300000000000000e+04
4.948008429403924424e+02 1.808500000000000000e+04
4.995132319207771161e+02 1.809100000000000000e+04
5.042256209011617898e+02 1.768200000000000000e+04
5.089380098815464635e+02 1.851100000000000000e+04
5.136503988619311940e+02 1.773300000000000000e+04
5.183627878423158108e+02 1.771100000000000000e+04
5.230751768227005414e+02 1.704600000000000000e+04
5.277875658030852719e+02 1.771900000000000000e+04
5.324999547834698888e+02 1.723900000000000000e+04
5.372123437638546193e+02 1.680700000000000000e+04
5.419247327442393498e+02 1.667800000000000000e+04
5.466371217246239667e+02 1.708900000000000000e+04
5.513495107050086972e+02 1.661900000000000000e+04
5.560618996853934277e+02 1.632700000000000000e+04
5.607742886657780446e+02 1.603400000000000000e+04
5.654866776461627751e+02 1.617800000000000000e+04
5.701990666265475056e+02 1.607000000000000000e+04
5.749114556069321225e+02 1.569100000000000000e+04
5.796238445873168530e+02 1.521000000000000000e+04
5.843362335677014698e+02 1.592200000000000000e+04
5.890486225480862004e+02 1.532600000000000000e+04
5.937610115284709309e+02 1.499700000000000000e+04
5.984734005088555477e+02 1.527200000000000000e+04
6.031857894892402783e+02 1.515400000000000000e+04
6.078981784696250088e+02 1.524500000000000000e+04
6.126105674500096256e+02 1.498100000000000000e+04
6.173229564303943562e+02 1.474800000000000000e+04
6.220353454107790867e+02 1.512000000000000000e+04
6.267477343911637035e+02 1.476100000000000000e+04
6.314601233715484341e+02 1.464500000000000000e+04
6.361725123519330509e+02 1.454800000000000000e+04
6.408849013323177815e+02 1.470000000000000000e+04
6.455972903127025120e+02 1.476100000000000000e+04
6.503096792930871288e+02 1.433200000000000000e+04
6.550220682734718594e+02 1.424800000000000000e+04
6.597344572538565899e+02 1.464800000000000000e+04
6.644468462342412067e+02 1.444900000000000000e+04
6.691592352146259373e+02 1.437200000000000000e+04
6.738716241950106678e+02 1.408900000000000000e+04
6.785840131753952846e+02 1.446100000000000000e+04
6.832964021557800152e+02 1.427200000000000000e+04
6.880087911361647457e+02 1.414800000000000000e+04
