1.256637061435917246e+01 5.800000000000000000e+01
1.884955592153875870e+01 8.900000000000000000e+01
2.513274122871834493e+01 1.290000000000000000e+02
3.141592653589793116e+01 2.250000000000000000e+02
3.769911184307751739e+01 2.530000000000000000e+02
4.398229715025710362e+01 3.930000000000000000e+02
5.026548245743668986e+01 4.610000000000000000e+02
5.654866776461627609e+01 6.130000000000000000e+02
6.283185307179586232e+01 7.130000000000000000e+02
6.911503837897544145e+01 8.450000000000000000e+02
7.539822368615503478e+01 1.025000000000000000e+03
8.168140899333462812e+01 1.229000000000000000e+03
8.796459430051420725e+01 1.313000000000000000e+03
9.424777960769378637e+01 1.585000000000000000e+03
1.005309649148733797e+02 1.701000000000000000e+03
1.068141502220529730e+02 2.021000000000000000e+03
1.130973355292325522e+02 2.181000000000000000e+03
1.193805208364121313e+02 2.473000000000000000e+03
1.256637061435917246e+02 2.697000000000000000e+03
1.319468914507713180e+02 2.949000000000000000e+03
1.382300767579508829e+02 3.237000000000000000e+03
1.445132620651304762e+02 3.577000000000000000e+03
1.507964473723100696e+02 3.761000000000000000e+03
1.570796326794896629e+02 4.249000000000000000e+03
1.633628179866692562e+02 4.465000000000000000e+03
1.696460032938488212e+02 4.937000000000000000e+03
1.759291886010284145e+02 5.013000000000000000e+03
1.822123739082080078e+02 5.677000000000000000e+03
1.884955592153875727e+02 5.773000000000000000e+03
1.947787445225671661e+02 6.489000000000000000e+03
2.010619298297467594e+02 6.653000000000000000e+03
2.073451151369263528e+02 7.229000000000000000e+03
2.136283004441059461e+02 7.561000000000000000e+03
2.199114857512855110e+02 8.033000000000000000e+03
2.261946710584651044e+02 8.469000000000000000e+03
2.324778563656446977e+02 8.889000000000000000e+03
2.387610416728242626e+02 9.441000000000000000e+03
2.450442269800038559e+02 9.965000000000000000e+03
2.513274122871834493e+02 1.030900000000000000e+04
2.576105975943630142e+02 1.103300000000000000e+04
2.638937829015426360e+02 1.143300000000000000e+04
2.701769682087222009e+02 1.216900000000000000e+04
2.764601535159017658e+02 1.256100000000000000e+04
2.827433388230813875e+02 1.315700000000000000e+04
2.890265241302609525e+02 1.355300000000000000e+04
2.953097094374405742e+02 1.439300000000000000e+04
3.015928947446201391e+02 1.486900000000000000e+04
3.078760800517997041e+02 1.564100000000000000e+04
3.141592653589793258e+02 1.608100000000000000e+04
3.204424506661588907e+02 1.704100000000000000e+04
3.267256359733385125e+02 1.734900000000000000e+04
3.330088212805180774e+02 1.832900000000000000e+04
3.392920065876976423e+02 1.850100000000000000e+04
3.455751918948772641e+02 1.976100000000000000e+04
3.518583772020568290e+02 2.011300000000000000e+04
3.581415625092363939e+02 2.080900000000000000e+04
3.644247478164160157e+02 2.183700000000000000e+04
3.707079331235955806e+02 2.229700000000000000e+04
3.769911184307751455e+02 2.338100000000000000e+04
3.832743037379547673e+02 2.386100000000000000e+04
3.895574890451343322e+02 2.458100000000000000e+04
3.958406743523139539e+02 2.594900000000000000e+04
4.021238596594935188e+02 2.544100000000000000e+04
4.084070449666730838e+02 2.632700000000000000e+04
4.146902302738527055e+02 2.545100000000000000e+04
4.209734155810322704e+02 2.590300000000000000e+04
4.272566008882118922e+02 2.582300000000000000e+04
4.335397861953914571e+02 2.558700000000000000e+04
4.398229715025710220e+02 2.546900000000000000e+04
4.461061568097506438e+02 2.547700000000000000e+04
4.523893421169302087e+02 2.532300000000000000e+04
4.586725274241097736e+02 2.558100000000000000e+04
4.649557127312893954e+02 2.488900000000000000e+04
4.712388980384689603e+02 2.527500000000000000e+04
4.775220833456485252e+02 2.454100000000000000e+04
4.838052686528281470e+02 2.465700000000000000e+04
4.900884539600077119e+02 2.450100000000000000e+04
4.963716392671873336e+02 2.422300000000000000e+04
5.026548245743668986e+02 2.397700000000000000e+04
5.089380098815464635e+02 2.381700000000000000e+04
5.152211951887260284e+02 2.388700000000000000e+04
5.215043804959057070e+02 2.329700000000000000e+04
5.277875658030852719e+02 2.306700000000000000e+04
5.340707511102648368e+02 2.293300000000000000e+04
5.403539364174444017e+02 2.244300000000000000e+04
5.466371217246239667e+02 2.249300000000000000e+04
5.529203070318035316e+02 2.164300000000000000e+04
5.592034923389832102e+02 2.193300000000000000e+04
5.654866776461627751e+02 2.134100000000000000e+04
5.717698629533423400e+02 2.100400000000000000e+04
5.780530482605219049e+02 2.080400000000000000e+04
5.843362335677014698e+02 2.072700000000000000e+04
5.906194188748811484e+02 2.040800000000000000e+04
5.969026041820607134e+02 2.038200000000000000e+04
6.031857894892402783e+02 1.996200000000000000e+04
6.094689747964198432e+02 2.020400000000000000e+04
6.157521601035994081e+02 1.996200000000000000e+04
6.220353454107790867e+02 1.972100000000000000e+04
6.283185307179586516e+02 1.959500000000000000e+04
6.346017160251382165e+02 1.975800000000000000e+04
6.408849013323177815e+02 1.942100000000000000e+04
6.471680866394973464e+02 1.944100000000000000e+04
6.534512719466770250e+02 1.917900000000000000e+04
6.597344572538565899e+02 1.934100000000000000e+04
6.660176425610361548e+02 1.904500000000000000e+04
6.723008278682157197e+02 1.917200000000000000e+04
6.785840131753952846e+02 1.881900000000000000e+04
6.848671984825748495e+02 1.905300000000000000e+04
