6.346017160251381739e+00 3.405810632001757265e-02 7.408368340639368554e-01
1.269203432050276348e+01 1.676087934415737210e-02 1.157485420518689967e+00
1.903805148075414522e+01 7.963072287844727079e-03 1.080898264792091945e+00
2.538406864100552696e+01 6.932563766813780101e-03 1.519949861354054521e+00
3.173008580125690870e+01 5.562333811490956931e-03 1.768923803371927006e+00
3.807610296150829043e+01 3.547235298721132610e-03 1.528659706737767632e+00
4.442212012175967573e+01 3.759365840139223137e-03 2.094659300704798000e+00
5.076813728201105391e+01 2.645076717968054044e-03 1.841154871673131854e+00
5.711415444226243210e+01 2.448422136070535059e-03 2.073922627134898722e+00
6.346017160251381739e+01 1.688335606659743934e-03 1.704619752784845677e+00
6.980618876276520268e+01 1.426389508709118579e-03 1.688086440307702274e+00
7.615220592301658087e+01 1.159078481207179590e-03 1.585806973674503517e+00
8.249822308326795905e+01 9.353268971817337409e-04 1.462304268137203156e+00
8.884424024351935145e+01 8.086359702403312592e-04 1.430436288091779362e+00
9.519025740377072964e+01 6.527261206928764402e-04 1.295344129519999443e+00
1.015362745640221078e+02 5.014226139201431948e-04 1.108083848277574335e+00
1.078822917242734860e+02 4.121626008483622095e-04 1.007671218826466708e+00
1.142283088845248642e+02 3.247976457978866711e-04 8.734454459307371410e-01
1.205743260447762566e+02 2.956818156595613267e-04 8.701270865349339800e-01
1.269203432050276348e+02 2.210268979739347744e-04 7.084847799177441674e-01
1.332663603652790130e+02 1.842423377731960933e-04 6.406050092915662741e-01
1.396123775255304054e+02 1.509940535892432298e-04 5.673264728529011647e-01
1.459583946857817693e+02 1.282363049984641440e-04 5.188710728275247597e-01
1.523044118460331617e+02 1.027556709072597620e-04 4.463339670573944762e-01
1.586504290062845541e+02 8.510526921224774227e-05 3.956931522311916694e-01
1.649964461665359181e+02 6.885860717758369390e-05 3.417820240634118489e-01
1.713424633267873105e+02 5.811527055102276264e-05 3.071840116952602173e-01
1.776884804870387029e+02 4.915220765969286029e-05 2.760419910906590779e-01
1.840344976472900669e+02 3.997081437200891360e-05 2.379989622885138045e-01
1.903805148075414593e+02 3.264854670223995962e-05 2.057001849686081740e-01
1.967265319677928233e+02 2.758837960894506826e-05 1.835824182927351111e-01
2.030725491280442156e+02 2.453425645022127728e-05 1.721306734732687693e-01
2.094185662882956080e+02 2.029948951619244660e-05 1.499145388869735918e-01
2.157645834485469720e+02 1.684331138205256279e-05 1.307357640931010034e-01
2.221106006087983644e+02 1.560762719464962137e-05 1.271410207181515872e-01
2.284566177690497284e+02 1.304536438750290480e-05 1.113770693005876472e-01
2.348026349293011208e+02 1.151091433543317709e-05 1.028682690879754863e-01
2.411486520895525132e+02 1.013578708053040033e-05 9.469612549288017322e-02
2.474946692498038772e+02 9.036984547266177560e-06 8.816575987883011611e-02
2.538406864100552696e+02 8.352624376953967248e-06 8.500119025863686617e-02
2.601867035703066335e+02 7.419172808506385608e-06 7.867389496311343045e-02
2.665327207305580259e+02 6.959565381996446094e-06 7.682448779859109289e-02
2.728787378908094183e+02 6.144018617410328218e-06 7.053456936890004081e-02
2.792247550510608107e+02 5.513481431684715075e-06 6.576817346701080425e-02
2.855707722113122031e+02 5.289438567482573680e-06 6.550370081690343183e-02
2.919167893715635387e+02 4.829752328955148849e-06 6.204259917865174306e-02
2.982628065318149311e+02 4.470674436871533634e-06 5.952575031191132543e-02
3.046088236920663235e+02 4.055414565777182757e-06 5.592500812612947320e-02
3.109548408523177159e+02 3.945569896252581022e-06 5.631256094118789607e-02
3.173008580125691083e+02 3.507475278957600164e-06 5.177419593039515183e-02
3.236468751728204438e+02 3.355361562384058078e-06 5.119077314710723803e-02
3.299928923330718362e+02 3.021256336738290209e-06 4.760967504576446574e-02
3.363389094933232286e+02 2.858996486861953250e-06 4.650598079556748921e-02
3.426849266535746210e+02 2.664224290861759953e-06 4.470908552072044156e-02
3.490309438138260134e+02 2.478959484906996413e-06 4.289196882110192510e-02
3.553769609740774058e+02 2.316083571091361775e-06 4.129552653032726728e-02
3.617229781343287414e+02 2.152287954007798898e-06 3.952396791256394121e-02
3.680689952945801338e+02 2.002177979383595308e-06 3.784873829942549811e-02
3.744150124548315262e+02 1.902246934229693920e-06 3.699891448793750370e-02
3.807610296150829186e+02 1.818799762647941497e-06 3.638081102371213543e-02
3.871070467753343110e+02 1.702870664231065639e-06 3.501333339305400666e-02
3.934530639355856465e+02 1.618264317173542522e-06 3.418778867151451434e-02
3.997990810958370389e+02 1.548885160932392759e-06 3.360641646337444999e-02
4.061450982560884313e+02 1.347444722591574193e-06 3.001324715862934214e-02
4.124911154163398237e+02 1.162717269781180547e-06 2.657654091116421619e-02
4.188371325765912161e+02 1.035917727671502033e-06 2.428849254601572402e-02
4.251831497368425516e+02 9.061704385541757738e-07 2.178562205625000914e-02
4.315291668970939440e+02 8.094184722969887240e-07 1.994604079317589471e-02
4.378751840573453364e+02 7.052959661902576029e-07 1.780827915180761140e-02
4.442212012175967288e+02 6.405083316548738783e-07 1.656495474068362533e-02
4.505672183778481212e+02 5.531135461036521163e-07 1.464694147282156848e-02
4.569132355380994568e+02 5.091914403107202769e-07 1.380185070600442772e-02
4.632592526983508492e+02 4.591995979036046397e-07 1.273625276513003744e-02
4.696052698586022416e+02 4.067784188216304016e-07 1.154107261694838071e-02
4.759512870188536340e+02 3.649822417239190439e-07 1.058951110637195922e-02
4.822973041791050264e+02 3.229148931492135215e-07 9.578102189804323097e-03
4.886433213393564188e+02 3.007012804678525310e-07 9.115669193547611820e-03
4.949893384996077543e+02 2.609730060668866306e-07 8.083299357942689764e-03
5.013353556598591467e+02 2.327856609624633299e-07 7.364955283490222902e-03
5.076813728201105391e+02 2.152589218439190556e-07 6.954723621363763722e-03
5.140273899803619315e+02 1.884164669408908756e-07 6.214830536448437935e-03
5.203734071406132671e+02 1.688881938724663112e-07 5.685793929552182373e-03
5.267194243008647163e+02 1.433355394023787953e-07 4.924015854776100931e-03
5.330654414611160519e+02 1.362420595851111551e-07 4.774692572397866604e-03
5.394114586213675011e+02 1.109815427539050764e-07 3.966898033864852714e-03
5.457574757816188367e+02 9.953833274053515164e-08 3.627910108791079693e-03
5.521034929418701722e+02 8.107197065931626826e-08 3.012346235597424763e-03
5.584495101021216215e+02 6.820592711188955367e-08 2.583025183585835414e-03
5.647955272623729570e+02 5.585940072047907071e-08 2.155667066433650681e-03
5.711415444226244063e+02 4.332370694322998635e-08 1.703328953707857960e-03
5.774875615828757418e+02 3.505999011127642664e-08 1.404050882124386777e-03
5.838335787431270774e+02 3.043879437192664088e-08 1.241392820254634197e-03
5.901795959033785266e+02 2.408041576345713064e-08 9.999331478459123207e-04
5.965256130636298622e+02 1.999464144737695773e-08 8.452051088442874473e-04
6.028716302238813114e+02 1.695328876730230055e-08 7.293937514928352465e-04
6.092176473841326469e+02 1.438087952943371779e-08 6.296118695009421395e-04
6.155636645443839825e+02 1.121886129912785206e-08 4.997318995661126839e-04
6.219096817046354317e+02 9.017178018018352304e-09 4.085853963525148199e-04
6.282556988648867673e+02 7.252635322855069850e-09 3.342385731875637585e-04
6.346017160251382165e+02 6.125217674696882717e-09 2.870495898098290107e-04
6.409477331853895521e+02 4.585597537463351976e-09 2.184910383971628016e-04
6.472937503456408876e+02 3.111949932044553167e-09 1.507306681301162166e-04
6.536397675058923369e+02 1.987295376309094101e-09 9.783476365094499543e-05
6.599857846661436724e+02 1.993361378209109902e-09 9.972644593296412559e-05
6.663318018263951217e+02 1.334057892018123156e-09 6.781497069284835131e-05
6.726778189866464572e+02 7.914243774835958219e-10 4.087156514174235895e-05
6.790238361468977928e+02 1.900136471637224015e-10 9.967658730992638214e-06
6.853698533071492420e+02 2.155448751063159888e-10 1.148363457083799117e-05
