0.000000000000000000e+00 1.414742604668420960e-06 0.000000000000000000e+00
4.712388980384689674e+00 3.823587062109051748e-02 5.064534528014795756e-01
9.424777960769379348e+00 1.751185327559265370e-02 7.364060064827326890e-01
1.413716694115406902e+01 8.020591418982344137e-03 6.629442946703476558e-01
1.884955592153875870e+01 1.437134410623321958e-02 1.918665471497189134e+00
2.356194490192344659e+01 5.727609802736968736e-03 1.109154342443118280e+00
2.827433388230813804e+01 6.132032743112690240e-03 1.609132360213586521e+00
3.298672286269282949e+01 4.569244666572507343e-03 1.550278413551938961e+00
3.769911184307751739e+01 4.283097564685362305e-03 1.815417420414856542e+00
4.241150082346220529e+01 3.555334271238631653e-03 1.833805092811599202e+00
4.712388980384689319e+01 3.139632206425406122e-03 1.930251928472196621e+00
5.183627878423158819e+01 2.305155940079855244e-03 1.661205415454281464e+00
5.654866776461627609e+01 2.530501059038420958e-03 2.108193579703777409e+00
6.126105674500096399e+01 2.213754667141347009e-03 2.107513166689157114e+00
6.597344572538565899e+01 1.598932449916264358e-03 1.722312930847668788e+00
7.068583470577034689e+01 1.203049781001882396e-03 1.453798611479070857e+00
7.539822368615503478e+01 1.351296078932447695e-03 1.818384443317565102e+00
8.011061266653972268e+01 1.084810633392831744e-03 1.614993165373877382e+00
8.482300164692441058e+01 8.605135384593520093e-04 1.409117155213334804e+00
8.953539062730909848e+01 7.098084857213351464e-04 1.271937411787567029e+00
9.424777960769378637e+01 7.176837515333446636e-04 1.400828577231629124e+00
9.896016858807848848e+01 5.764410723011483776e-04 1.220456472255417646e+00
1.036725575684631764e+02 4.849134997702661976e-04 1.109440363995768175e+00
1.083849465488478643e+02 3.807911487862293836e-04 9.382137452136646294e-01
1.130973355292325522e+02 3.784521346668711750e-04 1.000994247439372931e+00
1.178097245096172401e+02 3.181423912085326274e-04 9.007206268015626183e-01
1.225221134900019280e+02 2.721179638318411585e-04 8.224597981539576441e-01
1.272345024703866159e+02 2.091357510382852965e-04 6.731364481517199128e-01
1.319468914507713180e+02 2.023152361776748599e-04 6.918742946677892691e-01
1.366592804311559917e+02 1.667252426595007293e-04 6.045050142483452404e-01
1.413716694115406938e+02 1.379351863698204280e-04 5.291909114139567993e-01
1.460840583919253675e+02 1.278628096084776877e-04 5.181024180470064078e-01
1.507964473723100696e+02 1.140647120655860307e-04 4.873075708187090127e-01
1.555088363526947717e+02 9.672137471374337597e-05 4.349582573046225642e-01
1.602212253330794454e+02 8.281409710282184678e-05 3.914151991829321053e-01
1.649336143134641475e+02 6.835745946398000174e-05 3.390792447023661116e-01
1.696460032938488212e+02 6.414008199184174810e-05 3.334537186171390721e-01
1.743583922742335233e+02 5.544160893838551477e-05 3.016990330243435325e-01
1.790707812546181970e+02 4.435019767555037438e-05 2.523113421729696326e-01
1.837831702350028991e+02 3.973178765967901282e-05 2.360374986969343558e-01
1.884955592153875727e+02 3.631282170446925182e-05 2.250238421514171860e-01
1.932079481957722749e+02 3.123227032824492540e-05 2.016718129512387880e-01
1.979203371761569770e+02 2.628015590645169504e-05 1.766493217347477884e-01
2.026327261565416507e+02 2.388659510010328777e-05 1.669822185310155249e-01
2.073451151369263528e+02 2.316860066381877927e-05 1.682891632746789379e-01
2.120575041173110264e+02 1.958351850145918067e-05 1.476772053569382903e-01
2.167698930976957286e+02 1.660854524537007124e-05 1.299161672534832057e-01
2.214822820780804022e+02 1.503790244768767951e-05 1.219229828995191250e-01
2.261946710584651044e+02 1.445625284756744657e-05 1.213928248016106631e-01
2.309070600388498065e+02 1.238998781754983547e-05 1.076794674476659053e-01
2.356194490192344801e+02 1.119334140722581984e-05 1.006108868458843869e-01
2.403318379996191823e+02 1.017262536561711456e-05 9.450437127220602529e-02
2.450442269800038559e+02 9.903914445221838716e-06 9.503443688240005571e-02
2.497566159603885581e+02 8.840751723886187488e-06 8.756909537791308928e-02
2.544690049407732317e+02 8.318236057073257413e-06 8.500074392735751383e-02
2.591813939211579054e+02 7.246279332237026466e-06 7.634631973262687166e-02
2.638937829015426360e+02 7.377641573276125357e-06 8.010005545220438838e-02
2.686061718819273096e+02 6.674828188385085106e-06 7.463915895023900959e-02
2.733185608623119833e+02 6.125782656036804056e-06 7.051423403910608845e-02
2.780309498426967139e+02 5.504694758431392015e-06 6.519612956698213335e-02
2.827433388230813875e+02 5.576852401945954901e-06 6.792710735390841692e-02
2.874557278034660612e+02 5.051782265588670958e-06 6.325034546389983470e-02
2.921681167838507349e+02 4.801325690827955121e-06 6.176596088996234163e-02
2.968805057642354654e+02 4.325081877275077027e-06 5.714310066224506657e-02
3.015928947446201391e+02 4.381810703478364070e-06 5.943224305432240340e-02
3.063052837250048128e+02 4.164397618936034864e-06 5.796195207771719093e-02
3.110176727053895434e+02 3.814459750994431045e-06 5.445964619216086405e-02
3.157300616857742170e+02 3.498242226746477317e-06 5.121255403620021684e-02
3.204424506661588907e+02 3.612463648739923925e-06 5.420677371867501509e-02
3.251548396465435644e+02 3.260101653681319730e-06 5.012428371815616512e-02
3.298672286269282949e+02 3.036053347439321152e-06 4.781248886488356775e-02
3.345796176073129686e+02 2.872443349497209435e-06 4.631808617243461657e-02
3.392920065876976423e+02 2.820733156661392489e-06 4.655697098294937775e-02
3.440043955680823728e+02 2.619963167488951691e-06 4.424883480388520918e-02
3.487167845484670465e+02 2.462243728741243748e-06 4.253885465217134565e-02
3.534291735288517202e+02 2.272216355610392443e-06 4.014397191860833575e-02
3.581415625092363939e+02 2.310649894436953269e-06 4.173419301997666198e-02
3.628539514896211244e+02 2.144754609651747570e-06 3.959108204879258769e-02
3.675663404700057981e+02 2.037231958757445919e-06 3.842377565170863180e-02
3.722787294503904718e+02 1.833149797150742621e-06 3.531655448674358988e-02
3.769911184307751455e+02 1.937899579877153403e-06 3.812558063164672717e-02
3.817035074111598760e+02 1.798899673445006149e-06 3.613132270850494265e-02
3.864158963915445497e+02 1.712233284753601324e-06 3.510114166283294368e-02
3.911282853719292234e+02 1.574256295501560471e-06 3.293119411767723992e-02
3.958406743523139539e+02 1.648621651478566477e-06 3.518209488263789736e-02
4.005530633326986276e+02 1.504521414947047761e-06 3.274651866134101891e-02
4.052654523130833013e+02 1.391802689764725560e-06 3.088945954646601585e-02
4.099778412934679750e+02 1.261197092101003097e-06 2.853537612445598143e-02
4.146902302738527055e+02 1.127123907581242249e-06 2.599229744565862560e-02
4.194026192542373792e+02 1.038878076573057816e-06 2.441273735489261562e-02
4.241150082346220529e+02 9.245344699319029944e-07 2.213413272508958987e-02
4.288273972150067834e+02 8.359911470497437984e-07 2.038633791003450005e-02
4.335397861953914571e+02 7.817862145947631814e-07 1.941494986072419063e-02
4.382521751757761308e+02 7.171216659794952516e-07 1.813286010404737553e-02
4.429645641561608045e+02 6.466050871734708752e-07 1.664386148025757961e-02
4.476769531365455350e+02 5.835903675426641591e-07 1.528912659845522125e-02
4.523893421169302087e+02 5.534439998941252384e-07 1.475460627068998776e-02
4.571017310973148824e+02 5.063525749325649027e-07 1.373434016315741926e-02
4.618141200776996129e+02 4.711493483186175817e-07 1.299981805025448439e-02
4.665265090580842866e+02 4.248888449919853022e-07 1.192346661040820550e-02
4.712388980384689603e+02 4.084890683965155856e-07 1.165687998323342196e-02
4.759512870188536340e+02 3.683606018833910497e-07 1.068753007370877063e-02
4.806636759992383645e+02 3.339853648130770436e-07 9.850605856145189590e-03
4.853760649796230382e+02 3.094095707816412008e-07 9.275364899976330790e-03
4.900884539600077119e+02 2.952021559582249525e-07 8.993118375782684082e-03
4.948008429403924424e+02 2.637998989259769146e-07 8.165673473777014177e-03
4.995132319207771161e+02 2.434561178308120882e-07 7.655948807327179161e-03
5.042256209011617898e+02 2.209840604783060004e-07 7.058879988883080998e-03
5.089380098815464635e+02 2.156902609340918518e-07 6.997431911128726423e-03
5.136503988619311940e+02 1.895865261461444607e-07 6.245782431572858250e-03
5.183627878423158108e+02 1.757460022870829427e-07 5.878616776408236884e-03
5.230751768227005414e+02 1.542126673723797072e-07 5.236730609999305612e-03
5.277875658030852719e+02 1.482974744930170026e-07 5.111703783503830818e-03
5.324999547834698888e+02 1.337195937418820273e-07 4.678008506540047746e-03
5.372123437638546193e+02 1.172099877977802920e-07 4.161097824530947745e-03
5.419247327442393498e+02 1.065301029746801915e-07 3.837402024397795156e-03
5.466371217246239667e+02 1.021610988879050751e-07 3.733510903775806144e-03
5.513495107050086972e+02 8.517899440881696064e-08 3.157748211335245029e-03
5.560618996853934277e+02 7.404606844557238632e-08 2.784243637571715089e-03
5.607742886657780446e+02 6.296518211037959649e-08 2.401120481872940065e-03
5.654866776461627751e+02 5.590399014374583779e-08 2.161789665712665880e-03
5.701990666265475056e+02 4.664617879631993005e-08 1.828915228361184531e-03
5.749114556069321225e+02 3.863045072889806314e-08 1.535552653317495729e-03
5.796238445873168530e+02 3.225499953377305465e-08 1.299692996165298332e-03
5.843362335677014698e+02 3.174348625605945408e-08 1.296460581353097320e-03
5.890486225480862004e+02 2.543373483461017268e-08 1.052758396058379878e-03
5.937610115284709309e+02 2.088899265664740318e-08 8.762007595839403900e-04
5.984734005088555477e+02 2.016262938467810798e-08 8.569495501573164836e-04
6.031857894892402783e+02 1.708110240926916304e-08 7.355311424040787520e-04
6.078981784696250088e+02 1.491626874240433610e-08 6.506961983564738027e-04
6.126105674500096256e+02 1.268631512763624465e-08 5.605869305829230733e-04
6.173229564303943562e+02 1.058480942727303876e-08 4.737367637396936587e-04
6.220353454107790867e+02 9.730594078311110164e-09 4.410601229074376543e-04
6.267477343911637035e+02 7.487478703406369340e-09 3.436820799304492430e-04
6.314601233715484341e+02 7.272987120598167925e-09 3.380306148469487595e-04
6.361725123519330509e+02 5.368981451778083301e-09 2.526485076899634852e-04
6.408849013323177815e+02 3.732338807066876516e-09 1.778065657906196487e-04
6.455972903127025120e+02 4.390549302142571997e-09 2.117329051584668546e-04
6.503096792930871288e+02 3.039821393080131235e-09 1.483821856827247196e-04
6.550220682734718594e+02 1.750414292133085428e-09 8.647702437065401941e-05
6.597344572538565899e+02 2.322747181517546294e-09 1.161316386622299299e-04
6.644468462342412067e+02 1.382493875594757382e-09 6.994611915954433040e-05
6.691592352146259373e+02 7.313179698573396419e-10 3.743881020627261302e-05
6.738716241950106678e+02 8.757590553015082761e-10 4.536071783021672837e-05
6.785840131753952846e+02 4.328249775615826195e-10 2.268045110565242875e-05
6.832964021557800152e+02 2.042453163466481849e-10 1.082681367793076109e-05
6.880087911361647457e+02 8.314785046177311628e-11 4.458351841420632813e-06
