4.759512870188536304e+00 3.823728536369518094e-02 5.149415011634900230e-01
9.519025740377072609e+00 1.751185327559265370e-02 7.487203060625758910e-01
1.427853861056560802e+01 1.200950891294542099e-02 1.009248662550749520e+00
1.903805148075414522e+01 1.038242661227014273e-02 1.409298635485759066e+00
2.379756435094268241e+01 5.727609802736968736e-03 1.127701799597039312e+00
2.855707722113121605e+01 6.132032743112690240e-03 1.636040530126449344e+00
3.331659009131975324e+01 5.035223996746149289e-03 1.736946217494217404e+00
3.807610296150829043e+01 4.206706311187105758e-03 1.812854771238208595e+00
4.283561583169682763e+01 3.437053612468788169e-03 1.802442136091977565e+00
4.759512870188536482e+01 3.228371135355690043e-03 2.017999084510080365e+00
5.235464157207390201e+01 2.396772750092963575e-03 1.756111861013140096e+00
5.711415444226243210e+01 2.135381876444971717e-03 1.808763581201923820e+00
6.187366731245096929e+01 2.157210692885861650e-03 2.088024839181336301e+00
6.663318018263950648e+01 1.768350125996994435e-03 1.936656032860874399e+00
7.139269305282805078e+01 1.356586973258035698e-03 1.666750458935512880e+00
7.615220592301658087e+01 1.196002122040093572e-03 1.636324490888095395e+00
8.091171879320511096e+01 1.050101087774562691e-03 1.589462013576946164e+00
8.567123166339365525e+01 8.862014140854583945e-04 1.475448730585922075e+00
9.043074453358218534e+01 7.384171742722110297e-04 1.345329400289961619e+00
9.519025740377072964e+01 6.597818376283803030e-04 1.309346298610854831e+00
9.994977027395925973e+01 5.442888968056291922e-04 1.171653359572345510e+00
1.047092831441478040e+02 4.768314021996872265e-04 1.109192248336930309e+00
1.094687960143363341e+02 4.075129773148122056e-04 1.020842351834689632e+00
1.142283088845248642e+02 3.393023817962037949e-04 9.124515648668374279e-01
1.189878217547134085e+02 3.012636487998071383e-04 8.671966446320634736e-01
1.237473346249019386e+02 2.685030602999177968e-04 8.251045762457984711e-01
1.285068474950904829e+02 2.129393883459150658e-04 6.968400743264352437e-01
1.332663603652790130e+02 1.861695080468899301e-04 6.473057217662734342e-01
1.380258732354675431e+02 1.660520990029543825e-04 6.121321767112000156e-01
1.427853861056561016e+02 1.434520512578074279e-04 5.595596155739083200e-01
1.475448989758446317e+02 1.222899368402197205e-04 5.038072191622321450e-01
1.523044118460331617e+02 9.951780061301558362e-05 4.322698139017830954e-01
1.570639247162216918e+02 9.586485760028026250e-05 4.383155118890344482e-01
1.618234375864102219e+02 8.146574161289070655e-05 3.914810276648015286e-01
1.665829504565987804e+02 6.544432990326836471e-05 3.300575019542357214e-01
1.713424633267873105e+02 6.097069371256710017e-05 3.222771246332901685e-01
1.761019761969758406e+02 5.094081678845759911e-05 2.818423730529334148e-01
1.808614890671643707e+02 4.416226014613130948e-05 2.554434642184446047e-01
1.856210019373529292e+02 4.024395279647672018e-05 2.430780918652870604e-01
1.903805148075414593e+02 3.206945552097133987e-05 2.020516561631139629e-01
1.951400276777299894e+02 2.988444884771986998e-05 1.961955658148341608e-01
1.998995405479185195e+02 2.641826660159414389e-05 1.805471532424224035e-01
2.046590534181070495e+02 2.465607271158974916e-05 1.752436017789317790e-01
2.094185662882956080e+02 2.041414388584666256e-05 1.507612772714229943e-01
2.141780791584841381e+02 1.875105489130302422e-05 1.437641951525789330e-01
2.189375920286726682e+02 1.626764485704083153e-05 1.293774473067462183e-01
2.236971048988611983e+02 1.490106048966899390e-05 1.228337705978330557e-01
2.284566177690497284e+02 1.296341780468748502e-05 1.106774360851350558e-01
2.332161306392382869e+02 1.247986578817585137e-05 1.102742782848345482e-01
2.379756435094268170e+02 1.072322835976806846e-05 9.799706553331349879e-02
2.427351563796153471e+02 1.008957578532390759e-05 9.530025063786162765e-02
2.474946692498038772e+02 9.217237448482195451e-06 8.992432590524669644e-02
2.522541821199924357e+02 8.577646224693747734e-06 8.638375707910288248e-02
2.570136949901809658e+02 7.857504992440662167e-06 8.163538423998803473e-02
2.617732078603694958e+02 7.425986978018764018e-06 7.954804456518446698e-02
2.665327207305580259e+02 6.864633204833398313e-06 7.577656088277784363e-02
2.712922336007465560e+02 6.413748268771333897e-06 7.291902377537611002e-02
2.760517464709350861e+02 6.033580635451580668e-06 7.061429372339481092e-02
2.808112593411236162e+02 5.510791799065675794e-06 6.635976897382239725e-02
2.855707722113122031e+02 5.349461521212483143e-06 6.624701705984867295e-02
2.903302850815007332e+02 4.892500976834211730e-06 6.228041368421662061e-02
2.950897979516892633e+02 4.740425211194534288e-06 6.200227488905120377e-02
2.998493108218777934e+02 4.470766068504444312e-06 6.005562685348284774e-02
3.046088236920663235e+02 4.031779050485168729e-06 5.559906946724964272e-02
3.093683365622548536e+02 3.934954166006121069e-06 5.568430219949611903e-02
3.141278494324433836e+02 3.845578387105053818e-06 5.582204426210930770e-02
3.188873623026319137e+02 3.532301384386805625e-06 5.257588581916091547e-02
3.236468751728204438e+02 3.354522913233508590e-06 5.117797837145710016e-02
3.284063880430090308e+02 3.094777980927363600e-06 4.837810194417213605e-02
3.331659009131975608e+02 3.028029853660418287e-06 4.848354815889116542e-02
3.379254137833860909e+02 2.836821766824440952e-06 4.650862224835605740e-02
3.426849266535746210e+02 2.671753480741144726e-06 4.483543494084012149e-02
3.474444395237631511e+02 2.556438242144454073e-06 4.389795089496532909e-02
3.522039523939516812e+02 2.407975137402272022e-06 4.229694890041531957e-02
3.569634652641402113e+02 2.309522935525618622e-06 4.148539482573169318e-02
3.617229781343287414e+02 2.206897464977130122e-06 4.052680052854987225e-02
3.664824910045172714e+02 2.013174326821753556e-06 3.778360867113718380e-02
3.712420038747058584e+02 1.954512484378128274e-06 3.748006158781576336e-02
3.760015167448943885e+02 1.901032880651105268e-06 3.723679466514568520e-02
3.807610296150829186e+02 1.832027927096840402e-06 3.664540933788022758e-02
3.855205424852714486e+02 1.745326263418925047e-06 3.564148833985011228e-02
3.902800553554599787e+02 1.636431211228131538e-06 3.410816463716807162e-02
3.950395682256485088e+02 1.639460923659501710e-06 3.486867138733382165e-02
3.997990810958370389e+02 1.543635919804078097e-06 3.349252281397786107e-02
4.045585939660255690e+02 1.442423086263432374e-06 3.191991431093414711e-02
4.093181068362140991e+02 1.286660582219262157e-06 2.903346863537600853e-02
4.140776197064026860e+02 1.139343282786757160e-06 2.620942700698612043e-02
4.188371325765912161e+02 1.051071663969279917e-06 2.464379708321937090e-02
4.235966454467797462e+02 9.580273929083560405e-07 2.288927906153850889e-02
4.283561583169682763e+02 8.638612022917975302e-07 2.102740410402136051e-02
4.331156711871568064e+02 7.957152588607884825e-07 1.972865671678787278e-02
4.378751840573453364e+02 7.216743237572622129e-07 1.822182236995024615e-02
4.426346969275338665e+02 6.662480506793395819e-07 1.712819932005790746e-02
4.473942097977223966e+02 5.975498887921091253e-07 1.563836823244258573e-02
4.521537226679109267e+02 5.464181953696665747e-07 1.455465796660326654e-02
4.569132355380994568e+02 5.104429308878708385e-07 1.383577289074355669e-02
4.616727484082880437e+02 4.831113531383293483e-07 1.332307000538427745e-02
4.664322612784765738e+02 4.273688722811009389e-07 1.198902471652316462e-02
4.711917741486651039e+02 4.126361197406391221e-07 1.177326016387832998e-02
4.759512870188536340e+02 3.716902613115892311e-07 1.078413604919075536e-02
4.807107998890421641e+02 3.405227109841351475e-07 1.004506029174033824e-02
4.854703127592306942e+02 3.097918476440259899e-07 9.289830292805480172e-03
4.902298256294192242e+02 2.961264005148968324e-07 9.025612380476968205e-03
4.949893384996077543e+02 2.725818589236387522e-07 8.442868472992791709e-03
4.997488513697962844e+02 2.396328601174747687e-07 7.541644307933083671e-03
5.045083642399848713e+02 2.271824156989539317e-07 7.263657053604532891e-03
5.092678771101734014e+02 2.059596504242909532e-07 6.688970563323067692e-03
5.140273899803619315e+02 1.907257509027667388e-07 6.291001206223808921e-03
5.187869028505504048e+02 1.744788786387324753e-07 5.844192786283624805e-03
5.235464157207389917e+02 1.567786826777776475e-07 5.331863167110987428e-03
5.283059285909275786e+02 1.455369547350374371e-07 5.024765021881002700e-03
5.330654414611160519e+02 1.356813234628512969e-07 4.755041206247190115e-03
5.378249543313046388e+02 1.200666078155328668e-07 4.270615669866546088e-03
5.425844672014931120e+02 1.093412503831378503e-07 3.946659243225160429e-03
5.473439800716816990e+02 9.726006511121327821e-08 3.562064663551680384e-03
5.521034929418701722e+02 8.379950976159956467e-08 3.113691892800389202e-03
5.568630058120587591e+02 7.347711257566669849e-08 2.769487187647618961e-03
5.616225186822472324e+02 6.096181110167430410e-08 2.330587336213327428e-03
5.663820315524358193e+02 5.527796454997265822e-08 2.143225269994566973e-03
5.711415444226244063e+02 4.366814974891659681e-08 1.716871179090168065e-03
5.759010572928128795e+02 3.856096794448845177e-08 1.537190599633254636e-03
5.806605701630014664e+02 3.395190363493948795e-08 1.372149262683715950e-03
5.854200830331899397e+02 2.891563390689956618e-08 1.184619141671070311e-03
5.901795959033785266e+02 2.367794555861654226e-08 9.832206748224539203e-04
5.949391087735669998e+02 2.266150296792015088e-08 9.536951503885790406e-04
5.996986216437555868e+02 1.882799987352338115e-08 8.029575841144014634e-04
6.044581345139440600e+02 1.620367957078842883e-08 7.002030914314444918e-04
6.092176473841326469e+02 1.466724377945068279e-08 6.421492341622895552e-04
6.139771602543212339e+02 1.231234069426202419e-08 5.460859262875681058e-04
6.187366731245097071e+02 1.036608818815102813e-08 4.657197571116834236e-04
6.234961859946982941e+02 8.810219133576155581e-09 4.009064522590448571e-04
6.282556988648867673e+02 8.345281335978662409e-09 3.845932964251500734e-04
6.330152117350753542e+02 5.717675017673589882e-09 2.668351539319673677e-04
6.377747246052638275e+02 5.061839203922165507e-09 2.391959662856884162e-04
6.425342374754524144e+02 4.826471822445987984e-09 2.309175273458808015e-04
6.472937503456408876e+02 3.108959780771243182e-09 1.505858369120445311e-04
6.520532632158294746e+02 2.394494316000334289e-09 1.174047311251297606e-04
6.568127760860180615e+02 2.676362587702372474e-09 1.328253401918014491e-04
6.615722889562065347e+02 1.276992230943058855e-09 6.414317179195468414e-05
6.663318018263951217e+02 1.047425886166824428e-09 5.324443279285285294e-05
6.710913146965835949e+02 1.370198808282177847e-09 7.048330861214534260e-05
6.758508275667721819e+02 4.163516648866229420e-10 2.167097189127882833e-05
6.806103404369606551e+02 2.533515295516298515e-10 1.334200509766484598e-05
6.853698533071492420e+02 2.873931668084213528e-10 1.531151276111732156e-05
6.901293661773377153e+02 2.393190486012820724e-11 1.289817051168041425e-06
