0.000000000000000000e+00 1.492628694776527638e-05 0.000000000000000000e+00
3.141592653589793116e+00 0.000000000000000000e+00 0.000000000000000000e+00
6.283185307179586232e+00 0.000000000000000000e+00 0.000000000000000000e+00
9.424777960769379348e+00 0.000000000000000000e+00 0.000000000000000000e+00
1.256637061435917246e+01 1.780779726158971538e-02 1.209557845340317961e+00
1.570796326794896558e+01 0.000000000000000000e+00 0.000000000000000000e+00
1.884955592153875870e+01 5.480285181006363214e-03 7.316527857818170277e-01
2.199114857512855181e+01 2.277244974404756851e-03 3.930878377462784790e-01
2.513274122871834493e+01 5.610633201033031654e-03 1.209887463757784776e+00
2.827433388230813804e+01 1.333827805281858877e-03 3.500153333072739126e-01
3.141592653589793116e+01 5.008869197162571854e-03 1.566713113037892402e+00
3.455751918948772072e+01 2.256608603162716178e-03 8.273586960193540785e-01
3.769911184307751739e+01 3.701067438139167467e-03 1.568720347798476578e+00
4.084070449666731406e+01 1.779533229768795379e-03 8.619091220934600450e-01
4.398229715025710362e+01 2.883518473249384838e-03 1.580226177929476616e+00
4.712388980384689319e+01 1.631590910317453832e-03 1.003105234642648114e+00
5.026548245743668986e+01 2.575751374612250764e-03 1.763411623806531159e+00
5.340707511102648652e+01 1.756320050181086516e-03 1.330255253471106069e+00
5.654866776461627609e+01 2.373090067483252935e-03 1.977052420688608647e+00
5.969026041820606565e+01 1.217512390222140212e-03 1.109973249414857310e+00
6.283185307179586232e+01 2.011555754412417893e-03 1.997553968952663794e+00
6.597344572538565899e+01 1.143383953986806638e-03 1.231612360471102230e+00
6.911503837897544145e+01 1.741299416604309832e-03 2.026878473971846173e+00
7.225663103256523812e+01 1.289540349146811550e-03 1.616458093618559744e+00
7.539822368615503478e+01 1.736290304313238596e-03 2.336455590798874216e+00
7.853981633974483145e+01 1.133899322983316802e-03 1.633268670987627180e+00
8.168140899333462812e+01 1.486812513119817585e-03 2.286273812851699727e+00
8.482300164692441058e+01 1.039320510210041577e-03 1.701919023056980063e+00
8.796459430051420725e+01 1.322249158934124709e-03 2.300522434560134943e+00
9.110618695410400392e+01 8.477233373957701644e-04 1.563749763016778482e+00
9.424777960769378637e+01 1.073683365759350947e-03 2.095695128168243215e+00
9.738937226128358304e+01 9.322333068369095897e-04 1.921810489818172041e+00
1.005309649148733797e+02 1.104874729479212109e-03 2.401482680924080793e+00
1.036725575684631764e+02 7.797341721018409425e-04 1.783964694994967903e+00
1.068141502220529730e+02 1.039498439515823937e-03 2.499607531760744905e+00
1.099557428756427555e+02 7.029504520086401901e-04 1.774003924545616062e+00
1.130973355292325522e+02 8.920996534604104956e-04 2.359576124580646805e+00
1.162389281828223488e+02 5.700557077142023215e-04 1.578228783429817872e+00
1.193805208364121313e+02 7.940269479460858619e-04 2.298216953816233143e+00
1.225221134900019280e+02 5.745963938032067585e-04 1.736682236676649005e+00
1.256637061435917246e+02 7.177790858478244954e-04 2.262944520558543893e+00
1.288052987971815071e+02 5.574851820110004888e-04 1.831426710972679617e+00
1.319468914507713180e+02 6.364960696340681099e-04 2.176678719590598998e+00
1.350884841043611004e+02 4.787222498995943464e-04 1.702606002183310707e+00
1.382300767579508829e+02 5.939612085456434827e-04 2.194972065596871857e+00
1.413716694115406938e+02 4.318527487180916875e-04 1.656811113286401183e+00
1.445132620651304762e+02 5.214236263591547809e-04 2.075089723622927984e+00
1.476548547187202871e+02 4.178183897876348711e-04 1.723456932998421953e+00
1.507964473723100696e+02 4.696429904987959258e-04 2.006410051869589761e+00
1.539380400258998520e+02 3.591428975200922752e-04 1.587975764656738065e+00
1.570796326794896629e+02 4.319191294408349590e-04 1.975159782969105660e+00
1.602212253330794454e+02 3.365620763153073119e-04 1.590737769860783635e+00
1.633628179866692562e+02 3.833387635239521199e-04 1.871420711268210635e+00
1.665044106402590387e+02 2.998031173089992277e-04 1.510818803672571597e+00
1.696460032938488212e+02 3.367854786319324635e-04 1.750892214954685056e+00
1.727875959474386320e+02 2.895162105655180087e-04 1.551888408851113343e+00
1.759291886010284145e+02 3.108993301664184626e-04 1.717313639250647617e+00
1.790707812546181970e+02 2.421696987890026331e-04 1.377720166707662175e+00
1.822123739082080078e+02 2.888542922094462654e-04 1.691642557545116610e+00
1.853539665617977903e+02 2.250658722641220842e-04 1.356165795261661478e+00
1.884955592153875727e+02 2.499934720593261482e-04 1.549163324552080390e+00
1.916371518689773836e+02 1.954624621858419868e-04 1.245077002145083211e+00
1.947787445225671661e+02 2.377926618622438473e-04 1.556327717382115283e+00
1.979203371761569770e+02 1.870337042695148272e-04 1.257198668012320830e+00
2.010619298297467594e+02 1.993546129064824866e-04 1.375654480943391045e+00
2.042035224833365419e+02 1.705576537452514285e-04 1.207748746183731736e+00
2.073451151369263528e+02 1.752585248419072069e-04 1.273020797861933007e+00
2.104867077905161352e+02 1.550670185413280573e-04 1.154943030590573461e+00
2.136283004441059461e+02 1.678045925153317424e-04 1.281057091349550703e+00
2.167698930976957286e+02 1.372030964492691925e-04 1.073236708131800610e+00
2.199114857512855110e+02 1.467564654383741237e-04 1.175827910045448510e+00
2.230530784048753219e+02 1.257206884140773802e-04 1.031384149469036560e+00
2.261946710584651044e+02 1.362518588722986060e-04 1.144141445738610763e+00
2.293362637120548868e+02 1.130226029494793425e-04 9.711504738055037889e-01
2.324778563656446977e+02 1.210386804138571630e-04 1.063882097840301411e+00
2.356194490192344801e+02 1.001850032533166060e-04 9.005087631354727895e-01
2.387610416728242626e+02 1.124706102899604665e-04 1.033502409198221894e+00
2.419026343264140735e+02 8.870633927473146516e-05 8.330843709259402319e-01
2.450442269800038559e+02 9.417708216949634856e-05 9.036897502202858590e-01
2.481858196335936668e+02 8.463754009774512887e-05 8.295794255116071270e-01
2.513274122871834493e+02 8.793754214110141598e-05 8.801852552513469430e-01
2.544690049407732317e+02 7.199586876825058096e-05 7.356971313399947032e-01
2.576105975943630142e+02 8.310691472286517499e-05 8.667823012280025941e-01
2.607521902479528535e+02 6.686131546658977685e-05 7.115763826555602245e-01
2.638937829015426360e+02 7.315695856546971848e-05 7.942750240178175769e-01
2.670353755551324184e+02 6.148142464591862426e-05 6.808089447973567632e-01
2.701769682087222009e+02 6.684720036662096488e-05 7.547974596243219869e-01
2.733185608623119833e+02 5.509798714195659396e-05 6.342360770150449190e-01
2.764601535159017658e+02 5.842798892875131564e-05 6.855016635263870839e-01
2.796017461694916051e+02 5.156547142278701583e-05 6.164891791291231549e-01
2.827433388230813875e+02 5.277414414783167143e-05 6.427989655579806616e-01
2.858849314766711700e+02 4.408418365909903065e-05 5.469339866323396082e-01
2.890265241302609525e+02 4.802502572541301936e-05 6.067788570468375386e-01
2.921681167838507349e+02 4.095194556930514834e-05 5.268203890507966447e-01
2.953097094374405742e+02 4.264713133182379350e-05 5.584951003191159780e-01
2.984513020910303567e+02 3.773950528868417711e-05 5.030200926262570205e-01
3.015928947446201391e+02 3.955742781758554423e-05 5.365331420620933489e-01
3.047344873982099216e+02 3.417089950206162775e-05 4.715478359290597998e-01
3.078760800517997041e+02 3.573208298103737495e-05 5.015931318320963062e-01
3.110176727053895434e+02 3.077128825746396708e-05 4.393265575660096900e-01
3.141592653589793258e+02 3.241772650924120618e-05 4.706510246480199999e-01
3.173008580125691083e+02 2.668217244487923427e-05 3.938582353801580727e-01
3.204424506661588907e+02 2.880998264765074039e-05 4.323077993504234051e-01
3.235840433197486732e+02 2.502458675410621888e-05 3.816618432848526976e-01
3.267256359733385125e+02 2.592896357606436377e-05 4.018745564742060572e-01
3.298672286269282949e+02 2.223129999987021261e-05 3.501037900378740075e-01
3.330088212805180774e+02 2.415790782151220747e-05 3.865024190278493754e-01
3.361504139341078599e+02 2.097100642120328700e-05 3.408071445123357912e-01
3.392920065876976423e+02 2.096839899593307764e-05 3.460891510801457627e-01
3.424335992412874248e+02 1.831203168794086263e-05 3.069237404368278521e-01
3.455751918948772641e+02 1.955632511535834492e-05 3.328062791825595057e-01
3.487167845484670465e+02 1.720508913094647121e-05 2.972430297114174724e-01
3.518583772020568290e+02 1.734786827682465441e-05 3.042233947075781431e-01
3.549999698556466114e+02 1.586483970905819632e-05 2.823684796746632197e-01
3.581415625092363939e+02 1.617232098297581523e-05 2.920991047191928147e-01
3.612831551628262332e+02 1.386265143541197689e-05 2.540538759996611717e-01
3.644247478164160157e+02 1.509354528759733023e-05 2.806323278173972757e-01
3.675663404700057981e+02 1.298900240544097785e-05 2.449826649443355708e-01
3.707079331235955806e+02 1.339181736970492374e-05 2.561883154455284473e-01
3.738495257771853630e+02 1.173904544195530721e-05 2.277512874119761166e-01
3.769911184307751455e+02 1.258923851681624505e-05 2.476764189165759633e-01
3.801327110843649848e+02 1.079516506954661304e-05 2.153383392010267683e-01
3.832743037379547673e+02 1.113544550774524854e-05 2.251941490741838914e-01
3.864158963915445497e+02 9.909384315664725523e-06 2.031444580319888837e-01
3.895574890451343322e+02 1.054035540553606326e-05 2.190153318200959431e-01
3.926990816987241146e+02 8.915670805484256263e-06 1.877531220637884135e-01
3.958406743523139539e+02 9.081255210251447374e-06 1.937967890776969848e-01
3.989822670059037364e+02 8.745440289950774242e-06 1.891055761416462200e-01
4.021238596594935188e+02 8.459173232729584770e-06 1.853222891422461605e-01
4.052654523130833013e+02 7.596759888953056931e-06 1.686013462969371823e-01
4.084070449666730838e+02 8.264143022595178494e-06 1.857889440244500368e-01
4.115486376202629231e+02 7.130599591330271557e-06 1.623658400607099761e-01
4.146902302738527055e+02 7.217395541743514880e-06 1.664383928352137221e-01
4.178318229274424880e+02 6.428110073581759943e-06 1.501132960923719784e-01
4.209734155810322704e+02 7.065310372777715868e-06 1.670663674850587088e-01
4.241150082346220529e+02 5.986201696307098333e-06 1.433147028849849902e-01
4.272566008882118922e+02 6.346215259611917658e-06 1.538140830382130342e-01
4.303981935418016747e+02 5.641122521857217603e-06 1.384043050037476741e-01
4.335397861953914571e+02 5.883560291117581660e-06 1.461128706571092339e-01
4.366813788489812396e+02 5.153800147363488417e-06 1.295394439492581207e-01
4.398229715025710220e+02 5.594881942756940332e-06 1.423161241301723057e-01
4.429645641561608045e+02 4.804267593081300309e-06 1.236636796083288581e-01
4.461061568097506438e+02 5.098664307684773837e-06 1.327965465412014323e-01
4.492477494633404262e+02 4.564362370552870638e-06 1.202790437185310285e-01
4.523893421169302087e+02 4.875569401751716144e-06 1.299808235016221836e-01
4.555309347705199912e+02 4.206332539362094143e-06 1.134401333976355480e-01
4.586725274241097736e+02 4.492372879619561349e-06 1.225501021391214862e-01
4.618141200776996129e+02 4.081854941257815405e-06 1.126253739567933815e-01
4.649557127312893954e+02 4.226862020053949230e-06 1.179516583550733883e-01
4.680973053848791778e+02 3.735337734861241423e-06 1.054120138315299965e-01
4.712388980384689603e+02 3.915021846329996036e-06 1.117213245719134856e-01
4.743804906920587428e+02 3.639130730007359344e-06 1.050047689974833443e-01
4.775220833456485252e+02 3.711593250223163153e-06 1.082803067248894330e-01
4.806636759992383645e+02 3.380374742008974238e-06 9.970119274009306420e-02
4.838052686528281470e+02 3.555885622255272709e-06 1.060226786267521454e-01
4.869468613064179294e+02 3.171085091948326900e-06 9.557489891357093259e-02
4.900884539600077119e+02 3.331803695567818674e-06 1.015009695367936754e-01
4.932300466135974943e+02 3.050297678944647232e-06 9.392000336030337238e-02
4.963716392671873336e+02 3.116513476191657624e-06 9.697964914655429758e-02
4.995132319207771161e+02 2.818376490931612193e-06 8.862930341040697879e-02
5.026548245743668986e+02 2.972627414733535456e-06 9.446194950340573715e-02
5.057964172279566810e+02 2.715553683677005595e-06 8.719360636498026118e-02
5.089380098815464635e+02 2.860262553386611209e-06 9.279275002309818332e-02
5.120796025351362459e+02 2.533541188473117329e-06 8.304059091754913136e-02
5.152211951887260284e+02 2.769501461572018736e-06 9.170460260950158426e-02
5.183627878423158108e+02 2.452868410984327905e-06 8.204723409628357500e-02
5.215043804959057070e+02 2.562629451968867664e-06 8.658627990780770611e-02
5.246459731494954895e+02 2.370274175555143712e-06 8.089266769716163541e-02
5.277875658030852719e+02 2.432971714037336290e-06 8.386272765817104347e-02
5.309291584566750544e+02 2.215743128001744443e-06 7.713421071044522515e-02
5.340707511102648368e+02 2.401810582703744280e-06 8.443776788010196044e-02
5.372123437638546193e+02 2.139008801712628544e-06 7.593742682419701850e-02
5.403539364174444017e+02 2.256261284488219263e-06 8.088225620054252663e-02
5.434955290710341842e+02 2.037872907422143943e-06 7.376274248089317864e-02
5.466371217246239667e+02 2.122466735477343023e-06 7.756624376663059928e-02
5.497787143782137491e+02 1.971182632004905133e-06 7.272885208119279909e-02
5.529203070318035316e+02 2.063208657977851213e-06 7.685062180651600072e-02
5.560618996853934277e+02 1.833227918344844401e-06 6.893212934893745703e-02
5.592034923389832102e+02 2.005618221545051131e-06 7.612571621613517525e-02
5.623450849925729926e+02 1.816457000279164243e-06 6.959263720714933821e-02
5.654866776461627751e+02 1.899304817292726511e-06 7.344551820906185247e-02
5.686282702997525575e+02 1.729288969426241393e-06 6.749138138700555567e-02
5.717698629533423400e+02 1.813913444058471076e-06 7.144721873617713992e-02
5.749114556069321225e+02 1.633779465276304345e-06 6.494240542122275972e-02
5.780530482605219049e+02 1.764402499671696554e-06 7.077455660245782210e-02
5.811946409141116874e+02 1.606720878351737776e-06 6.503439517208113585e-02
5.843362335677014698e+02 1.670481396557074083e-06 6.822543891525176263e-02
5.874778262212913660e+02 1.528084829542120095e-06 6.296993759318654515e-02
5.906194188748811484e+02 1.598518237095357494e-06 6.646052974746730069e-02
5.937610115284709309e+02 1.469281953732321951e-06 6.162987297013376026e-02
5.969026041820607134e+02 1.507625935136491451e-06 6.379687255020831393e-02
6.000441968356504958e+02 1.453927081468299154e-06 6.206518094664535690e-02
6.031857894892402783e+02 1.465814615409991667e-06 6.311959689674599694e-02
6.063273821428300607e+02 1.378911547127311279e-06 5.989377837891401296e-02
6.094689747964198432e+02 1.425798720941945091e-06 6.246607598608852618e-02
6.126105674500096256e+02 1.330889832733658647e-06 5.880978351632619450e-02
6.157521601035994081e+02 1.403472721449562132e-06 6.254806555317694861e-02
6.188937527571891906e+02 1.236179397326188608e-06 5.556163271468848863e-02
6.220353454107790867e+02 1.301130893571617288e-06 5.897655859640654058e-02
6.251769380643688692e+02 1.207093198435745457e-06 5.517542892707685831e-02
6.283185307179586516e+02 1.276842765585297452e-06 5.885326133035106988e-02
6.314601233715484341e+02 1.142188980582727637e-06 5.308614424523202396e-02
6.346017160251382165e+02 1.230308390027254602e-06 5.765664788629594473e-02
6.377433086787279990e+02 1.135473580493206803e-06 5.365211969277453030e-02
6.408849013323177815e+02 1.173661142152055281e-06 5.591257060929891859e-02
6.440264939859075639e+02 1.069032382160808989e-06 5.134487295260514728e-02
6.471680866394973464e+02 1.138238333712029019e-06 5.511397008636016032e-02
6.503096792930871288e+02 1.039785782811021415e-06 5.075485271816929100e-02
6.534512719466770250e+02 1.075458870097480575e-06 5.291951053263273946e-02
6.565928646002668074e+02 1.026573516928263522e-06 5.091944417501924336e-02
6.597344572538565899e+02 1.054758080497676987e-06 5.273530638853049513e-02
6.628760499074463723e+02 9.523669473111399114e-07 4.799450620489234542e-02
6.660176425610361548e+02 1.012142801920023211e-06 5.141044308823883996e-02
6.691592352146259373e+02 9.333672206679112339e-07 4.778244165688798339e-02
6.723008278682157197e+02 9.656796156043287672e-07 4.982406308579515747e-02
6.754424205218055022e+02 9.105653107221328181e-07 4.734691159781385938e-02
6.785840131753952846e+02 9.180951833016215953e-07 4.810908333552619404e-02
6.817256058289850671e+02 8.575653608162551304e-07 4.528453452633642018e-02
6.848671984825748495e+02 9.182551566954284718e-07 4.886230906774722410e-02
6.880087911361647457e+02 8.259184775637290213e-07 4.428539216419635077e-02
6.911503837897545282e+02 8.767058871453334658e-07 4.736688722036697108e-02
6.942919764433443106e+02 7.725284519308311763e-07 4.205504098844880384e-02
6.974335690969340931e+02 8.314811418349908796e-07 4.560619246269831395e-02
7.005751617505238755e+02 7.784113056241370370e-07 4.301636361551167131e-02
7.037167544041136580e+02 8.034885334820818429e-07 4.473452549417893803e-02
7.068583470577034404e+02 7.504653044481513495e-07 4.209378095030327088e-02
7.099999397112932229e+02 7.733634105539912249e-07 4.369993663492970776e-02
7.131415323648830054e+02 7.230698687200252006e-07 4.115978972828440025e-02
7.162831250184727878e+02 7.467993521614030501e-07 4.282313572613884178e-02
7.194247176720625703e+02 6.911200752083954281e-07 3.992048111089575857e-02
7.225663103256524664e+02 7.107573566905976457e-07 4.135400203012309234e-02
7.257079029792422489e+02 6.745541133403546260e-07 3.953240317216930727e-02
7.288494956328320313e+02 6.939151751288496227e-07 4.096089911578831150e-02
7.319910882864218138e+02 6.488591560111454816e-07 3.857684980685135295e-02
7.351326809400115962e+02 6.720733250844130800e-07 4.024323411958988239e-02
7.382742735936013787e+02 6.168173754798868280e-07 3.719799148838115466e-02
7.414158662471911612e+02 6.456756754014735825e-07 3.921487950871477973e-02
7.445574589007809436e+02 6.017582157910769382e-07 3.680603710219616104e-02
7.476990515543707261e+02 6.218214190809828129e-07 3.830102475496267866e-02
7.508406442079605085e+02 5.901536032996503137e-07 3.660536029857680562e-02
7.539822368615502910e+02 6.104247101067583074e-07 3.812711663437572118e-02
7.571238295151401871e+02 5.667331977341843854e-07 3.564430725626367008e-02
7.602654221687299696e+02 5.916510299435016432e-07 3.746919442369162773e-02
7.634070148223197521e+02 5.530222784381114499e-07 3.526437607043984845e-02
7.665486074759095345e+02 5.782325610861383631e-07 3.712519203773499005e-02
7.696902001294993170e+02 5.302191759521701881e-07 3.427536004381882134e-02
7.728317927830890994e+02 5.607473507335173082e-07 3.649574191386153327e-02
7.759733854366788819e+02 5.211101806539709015e-07 3.414608636306235012e-02
7.791149780902686643e+02 5.433856699313564103e-07 3.584628089409894192e-02
7.822565707438584468e+02 5.093896935666207134e-07 3.382975505854250026e-02
7.853981633974482293e+02 5.381049215419516292e-07 3.597632239513087749e-02
7.885397560510381254e+02 4.959348420207921801e-07 3.337827930443854757e-02
7.916813487046279079e+02 5.112723004576146090e-07 3.463934091649460700e-02
7.948229413582176903e+02 4.786049007330556093e-07 3.264082530357276940e-02
7.979645340118074728e+02 5.078850714293525215e-07 3.486621172328040197e-02
8.011061266653972552e+02 4.706724348989787319e-07 3.252386774026010119e-02
8.042477193189870377e+02 4.904149139543979631e-07 3.410987011375627570e-02
8.073893119725768202e+02 4.548995093581651779e-07 3.184591965839103644e-02
8.105309046261666026e+02 4.567549077470093903e-07 3.218344425591154745e-02
8.136724972797563851e+02 4.174246770554323906e-07 2.960244033632399366e-02
8.168140899333461675e+02 4.237060620075274054e-07 3.024150347965858660e-02
8.199556825869359500e+02 3.917328553113744016e-07 2.813891179714934215e-02
8.230972752405258461e+02 3.891266385228288877e-07 2.813042125249857681e-02
8.262388678941156286e+02 3.672957970435121490e-07 2.672136631748319932e-02
8.293804605477054110e+02 3.707843544130277246e-07 2.714632638233838505e-02
8.325220532012951935e+02 3.412354595497267605e-07 2.514087559484480539e-02
8.356636458548849760e+02 3.361947515398249736e-07 2.492547508252499974e-02
8.388052385084747584e+02 3.249622265901975172e-07 2.424384164019880231e-02
8.419468311620645409e+02 3.179509785520622589e-07 2.386902121526024781e-02
8.450884238156543233e+02 2.933923679846414621e-07 2.216251624000042594e-02
8.482300164692441058e+02 2.966496960661840395e-07 2.254758169443453475e-02
8.513716091228338883e+02 2.790812524989701391e-07 2.134335080796720061e-02
8.545132017764237844e+02 2.811973836247048903e-07 2.163760740911521707e-02
8.576547944300135669e+02 2.620962778009737759e-07 2.029154207230811358e-02
8.607963870836033493e+02 2.671084029897205055e-07 2.080598478719941635e-02
8.639379797371931318e+02 2.446535832462598849e-07 1.917296112880834472e-02
8.670795723907829142e+02 2.492940123228441984e-07 1.965516853687669652e-02
8.702211650443726967e+02 2.294031786071255722e-07 1.819626141469976241e-02
8.733627576979624791e+02 2.329528024503531025e-07 1.858912953727966111e-02
8.765043503515522616e+02 2.172783938428038355e-07 1.744241715223287387e-02
8.796459430051420441e+02 2.215787811628105335e-07 1.789402373976838739e-02
8.827875356587318265e+02 2.077583626345097499e-07 1.687791653656634319e-02
8.859291283123216090e+02 2.046601047024326318e-07 1.672494995750068575e-02
8.890707209659115051e+02 1.932959773433864241e-07 1.588973532046196110e-02
8.922123136195012876e+02 1.973525805290720177e-07 1.631886053019213773e-02
8.953539062730910700e+02 1.826147423251677840e-07 1.518892564147691915e-02
8.984954989266808525e+02 1.840708875816889128e-07 1.539967715383629664e-02
9.016370915802706349e+02 1.763656509623101941e-07 1.484112950282944973e-02
9.047786842338604174e+02 1.746630121170516129e-07 1.478330530953938203e-02
9.079202768874501999e+02 1.650966059449926343e-07 1.405457349471350356e-02
9.110618695410399823e+02 1.649389189735879935e-07 1.412221854882016528e-02
9.142034621946297648e+02 1.585323599757883725e-07 1.365178251249281501e-02
9.173450548482195472e+02 1.548945513981862420e-07 1.341500013676799087e-02
9.204866475018093297e+02 1.463467741584067624e-07 1.274712689203142887e-02
9.236282401553992258e+02 1.473430606331766931e-07 1.290699153890684063e-02
9.267698328089890083e+02 1.405901455324143515e-07 1.238534270994266946e-02
9.299114254625787908e+02 1.397081357692999225e-07 1.237725496181007155e-02
9.330530181161685732e+02 1.321843629294550802e-07 1.177670922843559662e-02
9.361946107697583557e+02 1.337246125802490779e-07 1.198086688677308526e-02
9.393362034233481381e+02 1.239539586149824803e-07 1.116765964079803088e-02
9.424777960769379206e+02 1.272545131484536849e-07 1.152900266183238751e-02
9.456193887305277030e+02 1.164855764649634621e-07 1.061205357231292425e-02
9.487609813841174855e+02 1.190737993988043637e-07 1.090797759860422447e-02
9.519025740377072680e+02 1.115141043294338725e-07 1.027189652533445387e-02
9.550441666912970504e+02 1.149026906974594163e-07 1.064231132137079781e-02
9.581857593448869466e+02 1.059763646129972334e-07 9.869425450320400139e-03
9.613273519984767290e+02 1.070002976984910133e-07 1.001929471103352176e-02
9.644689446520665115e+02 1.026981774105483374e-07 9.668886966566149835e-03
9.676105373056562939e+02 1.017728142080376655e-07 9.633840070341169806e-03
9.707521299592460764e+02 9.542581032074416218e-08 9.081964013281696585e-03
9.738937226128358589e+02 9.479243664288837138e-08 9.070397038445355414e-03
9.770353152664256413e+02 9.111028130684921288e-08 8.764984593917118580e-03
9.801769079200154238e+02 9.109818046565622115e-08 8.810836601941009899e-03
9.833185005736052062e+02 8.502796099632340345e-08 8.267714065759863493e-03
9.864600932271949887e+02 8.723348274684795403e-08 8.527382548629294789e-03
9.896016858807848848e+02 8.050159107865153595e-08 7.911129764956576632e-03
9.927432785343746673e+02 8.049146212051920703e-08 7.952031197827358691e-03
9.958848711879644497e+02 7.749309529725322112e-08 7.696233456583612305e-03
9.990264638415542322e+02 7.799114683827592385e-08 7.786464257239665218e-03
1.002168056495144015e+03 7.342372235811955483e-08 7.368922534551830723e-03
1.005309649148733797e+03 7.216061775687922756e-08 7.280032657297880704e-03
1.008451241802323580e+03 6.995546884564742340e-08 7.094359303051965202e-03
1.011592834455913362e+03 7.119473075100005404e-08 7.257562077160438149e-03
1.014734427109503144e+03 6.445933747243287771e-08 6.605005178740894212e-03
1.017876019763092927e+03 6.646354870697952387e-08 6.845549746296209978e-03
1.021017612416682709e+03 6.189491729684484310e-08 6.407821074261691591e-03
1.024159205070272492e+03 6.172978293853574688e-08 6.423531691496955735e-03
1.027300797723862388e+03 5.718686245964102279e-08 5.981254915320927644e-03
1.030442390377452057e+03 5.929581456760727717e-08 6.233475164667953358e-03
1.033583983031041953e+03 5.577094436859855542e-08 5.892744567960751453e-03
1.036725575684631622e+03 5.447004571276497881e-08 5.784476939301731215e-03
1.039867168338221518e+03 5.301121686148448744e-08 5.658016603931714621e-03
1.043008760991811414e+03 5.196327786484886167e-08 5.574121951836899687e-03
1.046150353645401083e+03 4.917743652686368904e-08 5.301792545707257644e-03
1.049291946298990979e+03 4.901187980608429769e-08 5.310416595964268481e-03
1.052433538952580648e+03 4.650430719915550422e-08 5.063890565916320460e-03
1.055575131606170544e+03 4.635339155438340192e-08 5.072593948819019254e-03
1.058716724259760213e+03 4.283288669471527450e-08 4.710608018267361391e-03
1.061858316913350109e+03 4.468806360565677384e-08 4.938963592594602069e-03
1.064999909566939778e+03 4.093846184028349467e-08 4.546886770639157506e-03
1.068141502220529674e+03 4.049605553069429383e-08 4.519884872650686142e-03
1.071283094874119342e+03 3.755435054303309285e-08 4.212119416744871531e-03
1.074424687527709239e+03 3.853403010345362214e-08 4.343145679747092459e-03
1.077566280181299135e+03 3.523887707319097804e-08 3.991125478090035324e-03
1.080707872834888803e+03 3.526627934272375056e-08 4.013656195587370946e-03
1.083849465488478700e+03 3.413380493771650322e-08 3.903609041769529400e-03
1.086991058142068368e+03 3.326812824209062392e-08 3.823006056849319410e-03
1.090132650795658265e+03 3.000334903781644384e-08 3.464458101639701117e-03
1.093274243449247933e+03 3.111617602664411819e-08 3.610228974530131987e-03
1.096415836102837829e+03 2.887940956830049829e-08 3.366772796157839823e-03
1.099557428756427498e+03 2.831951218329566804e-08 3.317281269653179175e-03
1.102699021410017394e+03 2.580288100107488278e-08 3.036895500346421372e-03
1.105840614063607063e+03 2.664238537585493710e-08 3.150605302541365990e-03
1.108982206717196959e+03 2.421160261493794986e-08 2.876721598318527588e-03
1.112123799370786855e+03 2.327764045700956202e-08 2.778822758348823644e-03
1.115265392024376524e+03 2.201343175550702554e-08 2.640288968613669490e-03
1.118406984677966420e+03 2.212874838478815683e-08 2.666592388391429008e-03
1.121548577331556089e+03 1.979497418461168572e-08 2.396542238413921621e-03
1.124690169985145985e+03 1.934847062425498373e-08 2.353431026451487714e-03
1.127831762638735654e+03 1.808360395543794191e-08 2.209829952907063112e-03
1.130973355292325550e+03 1.731676242222996199e-08 2.125954609293535975e-03
1.134114947945915219e+03 1.547334639571501275e-08 1.908443786916281604e-03
1.137256540599505115e+03 1.580378341914383883e-08 1.958206440854228219e-03
1.140398133253095011e+03 1.369097418107571730e-08 1.704231209810022065e-03
1.143539725906684680e+03 1.368796239837975449e-08 1.711686520979194270e-03
1.146681318560274576e+03 1.219731692939264552e-08 1.532270840944069011e-03
1.149822911213864245e+03 1.237712821680269524e-08 1.561965678269811855e-03
1.152964503867454141e+03 1.114232886118998142e-08 1.412545786158910183e-03
1.156106096521043810e+03 1.117882084237473017e-08 1.423613665638115812e-03
1.159247689174633706e+03 9.884410168371148946e-09 1.264477648313228151e-03
1.162389281828223375e+03 1.024935566598716756e-08 1.317091332956364788e-03
1.165530874481813271e+03 8.893527340164580132e-09 1.148013552490388754e-03
1.168672467135402940e+03 9.241110355268430220e-09 1.198244683698577139e-03
1.171814059788992836e+03 8.181817103343000491e-09 1.065649227706917234e-03
1.174955652442582732e+03 8.633365540757661379e-09 1.129490513561134295e-03
1.178097245096172401e+03 7.483295807030492476e-09 9.833953419041048267e-04
1.181238837749762297e+03 7.540680349068397108e-09 9.953444382365195589e-04
1.184380430403351966e+03 7.055124016499968513e-09 9.353841871011581762e-04
1.187522023056941862e+03 6.856566813378245831e-09 9.130814080598511490e-04
1.190663615710531531e+03 6.107678210523291655e-09 8.169421152033880338e-04
1.193805208364121427e+03 6.195188565207680758e-09 8.322944115045564743e-04
1.196946801017711095e+03 5.659845037113063027e-09 7.637114255379842242e-04
1.200088393671300992e+03 5.745253282902477010e-09 7.786301903859168747e-04
1.203229986324890660e+03 5.323249950334698143e-09 7.245882210185135720e-04
1.206371578978480557e+03 4.982318043028797264e-09 6.811351230024047330e-04
1.209513171632070453e+03 4.699989458814460441e-09 6.453290577901181100e-04
1.212654764285660121e+03 4.520494303438483612e-09 6.233728574895500358e-04
1.215796356939250018e+03 4.168174537583795556e-09 5.772721765099843479e-04
1.218937949592839686e+03 4.342228592367023988e-09 6.039699713154348662e-04
1.222079542246429583e+03 3.968927821683078942e-09 5.544201308367284085e-04
1.225221134900019251e+03 3.648131114206673407e-09 5.117932708336466038e-04
1.228362727553609147e+03 3.630393397498154353e-09 5.114832375954450226e-04
1.231504320207198816e+03 3.369922472234409969e-09 4.768112304384117869e-04
1.234645912860788712e+03 3.137630682343296568e-09 4.458333255076014760e-04
1.237787505514378381e+03 3.114920791145113929e-09 4.444850569116873284e-04
1.240929098167968277e+03 2.701172631482442096e-09 3.870769300568237432e-04
1.244070690821558173e+03 2.890135097572034856e-09 4.159041383802780287e-04
1.247212283475147842e+03 2.627357375730157604e-09 3.796818022800962922e-04
1.250353876128737738e+03 2.549257709032234540e-09 3.699434274648948800e-04
1.253495468782327407e+03 2.332526729217544341e-09 3.399104969629075830e-04
1.256637061435917303e+03 2.247292532675084628e-09 3.288587351509480528e-04
1.259778654089506972e+03 2.030898151263046393e-09 2.984318834158290854e-04
1.262920246743096868e+03 1.924451211236646308e-09 2.839662861822420462e-04
1.266061839396686537e+03 1.962786647989651020e-09 2.908247028700767763e-04
1.269203432050276433e+03 1.768721689190913912e-09 2.631549626362868536e-04
1.272345024703866102e+03 1.640899701187876748e-09 2.451452762199815647e-04
1.275486617357455998e+03 1.516013144758823363e-09 2.274204305309539742e-04
1.278628210011045894e+03 1.450160032525163635e-09 2.184354230356981650e-04
1.281769802664635563e+03 1.309511343597091397e-09 1.980581224957263784e-04
1.284911395318225459e+03 1.196529739184055688e-09 1.817099874708902720e-04
1.288052987971815128e+03 1.238645958492065514e-09 1.888730842564467012e-04
1.291194580625405024e+03 1.223389828712574563e-09 1.873057126094071620e-04
1.294336173278994693e+03 1.078139648088796148e-09 1.657372639933292068e-04
1.297477765932584589e+03 9.381922941497927794e-10 1.448077266165549541e-04
1.300619358586174258e+03 9.133274029932992374e-10 1.415392351858415197e-04
1.303760951239764154e+03 7.899945552231570989e-10 1.229194798309083303e-04
1.306902543893354050e+03 6.656171813007101565e-10 1.039832041955681796e-04
1.310044136546943719e+03 6.431921263612652682e-10 1.008828320334469831e-04
1.313185729200533615e+03 6.996448523075900671e-10 1.101762282062574225e-04
1.316327321854123284e+03 6.147188825080360167e-10 9.718883578387197992e-05
1.319468914507713180e+03 5.849976240926972403e-10 9.285801038737727592e-05
1.322610507161302849e+03 5.083047658470154952e-10 8.100480779319419128e-05
1.325752099814892745e+03 4.748557080886336236e-10 7.597409502791262355e-05
1.328893692468482413e+03 3.402045289265427903e-10 5.464584646567414739e-05
1.332035285122072310e+03 2.740132702819083805e-10 4.418733519929763542e-05
1.335176877775661978e+03 2.866601838378716418e-10 4.640862624768448801e-05
1.338318470429251875e+03 3.388222615125411206e-10 5.506864491958998970e-05
1.341460063082841771e+03 2.889396804067134972e-10 4.714512240083612002e-05
1.344601655736431439e+03 2.552952844939735256e-10 4.181821867517899647e-05
1.347743248390021336e+03 2.302345780672105790e-10 3.786016398580054499e-05
1.350884841043611004e+03 1.775473779554032249e-10 2.930970698643624534e-05
1.354026433697200900e+03 1.162702152044036488e-10 1.926846186150013809e-05
1.357168026350790569e+03 3.463586106045510694e-11 5.762116322624893457e-06
1.360309619004380465e+03 1.420650060242594298e-10 2.372557405018054676e-05
1.363451211657970134e+03 9.917256862835866730e-11 1.662611954641054788e-05
1.366592804311560030e+03 7.190719619323202502e-11 1.210145446931838274e-05
1.369734396965149699e+03 5.467574166197475887e-11 9.236808775878000029e-06
1.372875989618739595e+03 3.166759317836548427e-11 5.370325051597743939e-06
1.376017582272329491e+03 1.916053824312569014e-11 3.261727511673809200e-06
1.379159174925919160e+03 1.934951271393639344e-11 3.306440313343774069e-06
1.382300767579509056e+03 0.000000000000000000e+00 0.000000000000000000e+00
1.385442360233098725e+03 0.000000000000000000e+00 0.000000000000000000e+00
1.388583952886688621e+03 0.000000000000000000e+00 0.000000000000000000e+00
