0.000000000000000000e+00 2.312271147243744718e+00 1.936733710261449630e+02
2.513274122871834493e+01 4.356015270437658238e+00 1.926834856830630997e+03
5.026548245743668986e+01 5.517686755501868490e+00 5.461049126756161058e+03
7.539822368615503478e+01 4.573416109594491630e+00 7.873416737201328942e+03
1.005309649148733797e+02 3.248639186066781814e+00 8.485621206750212878e+03
1.256637061435917246e+02 2.135560096311981404e+00 7.799812898221544856e+03
1.507964473723100696e+02 1.317329474163192238e+00 6.369650585174625121e+03
1.759291886010284145e+02 8.141723863653660409e-01 5.003282806988518132e+03
2.010619298297467594e+02 5.449952463169593919e-01 4.136061604063714185e+03
2.261946710584651044e+02 4.043540350071308520e-01 3.702290589204947537e+03
2.513274122871834493e+02 3.305795640298758720e-01 3.580153083223191970e+03
2.764601535159017658e+02 2.811452130552990480e-01 3.545290366177954184e+03
3.015928947446201391e+02 2.424938921939081282e-01 3.514333571923165891e+03
3.267256359733385125e+02 2.051863388109499697e-01 3.380654583911322788e+03
3.518583772020568290e+02 1.732714698089956040e-01 3.215961480429443327e+03
3.769911184307751455e+02 1.530917443643933784e-01 3.177396538391208651e+03
4.021238596594935188e+02 1.192844148536852666e-01 2.741041211101307454e+03
4.272566008882118922e+02 8.111703488548853425e-02 2.057362508582304145e+03
4.523893421169302087e+02 5.828543325654136908e-02 1.622632618271813044e+03
4.775220833456485252e+02 4.226857731623322179e-02 1.284720133813891607e+03
5.026548245743668986e+02 3.042045852161381903e-02 1.004853287389602997e+03
5.277875658030852719e+02 2.062326100270595042e-02 7.371906575196469475e+02
5.529203070318035316e+02 1.142293051030762903e-02 4.395885475361757813e+02
5.780530482605219049e+02 5.318801296934527918e-03 2.202773485752688032e+02
6.031857894892402783e+02 2.659007013505570918e-03 1.180109370005030200e+02
6.283185307179586516e+02 1.184337548956285310e-03 5.612111072590351313e+01
6.534512719466770250e+02 3.747408043551809652e-04 1.890368141438787219e+01
