0.000000000000000000e+00 1.492628694776527638e-05 0.000000000000000000e+00
3.141592653589793116e+00 0.000000000000000000e+00 0.000000000000000000e+00
6.283185307179586232e+00 7.714061735262636721e-02 1.650375967086872731e+00
9.424777960769379348e+00 2.652307945447325479e-03 1.115344830345025434e-01
1.256637061435917246e+01 2.353201451548539783e-02 1.598363478410729899e+00
1.570796326794896558e+01 1.709620261694425047e-03 1.684351721039781813e-01
1.884955592153875870e+01 9.456865409713105519e-03 1.262551435418131529e+00
2.199114857512855181e+01 4.599116081799041814e-03 7.938788388856024003e-01
2.513274122871834493e+01 5.949481432216307403e-03 1.282957331691703784e+00
2.827433388230813804e+01 2.915327125136014073e-03 7.650231846745690900e-01
3.141592653589793116e+01 5.657645558916924236e-03 1.769642435681285875e+00
3.455751918948772072e+01 2.541517297137989642e-03 9.318170789226131179e-01
3.769911184307751739e+01 4.206270494880892143e-03 1.782853791224516371e+00
4.084070449666731406e+01 2.143094158021368895e-03 1.037998264603247067e+00
4.398229715025710362e+01 3.470417368859706180e-03 1.901858588904191683e+00
4.712388980384689319e+01 1.985197118461463905e-03 1.220503012571173551e+00
5.026548245743668986e+01 2.631836115120852766e-03 1.801808374481246533e+00
5.340707511102648652e+01 2.028614730792144012e-03 1.536494104606324296e+00
5.654866776461627609e+01 2.772238153089220773e-03 2.309587919308520032e+00
5.969026041820606565e+01 1.379974858836429666e-03 1.258085905716334718e+00
6.283185307179586232e+01 2.121340630040565063e-03 2.106574667762992625e+00
6.597344572538565899e+01 1.377700287204466304e-03 1.484009546250101952e+00
6.911503837897544145e+01 1.913783334682054053e-03 2.227650344291462137e+00
7.225663103256523812e+01 1.366228326708349540e-03 1.712587619224023028e+00
7.539822368615503478e+01 1.795833928928433241e-03 2.416581036574272812e+00
7.853981633974483145e+01 1.259518271556593237e-03 1.814210214058075810e+00
8.168140899333462812e+01 1.596029675989385022e-03 2.454217206641612137e+00
8.482300164692441058e+01 1.095138335440226868e-03 1.793322413687386874e+00
8.796459430051420725e+01 1.368590109300381070e-03 2.381148990633990437e+00
9.110618695410400392e+01 9.089711654491723289e-04 1.676730345688983048e+00
9.424777960769378637e+01 1.206890904263738067e-03 2.355699519017209198e+00
9.738937226128358304e+01 1.044808826568413042e-03 2.153886315826591513e+00
1.005309649148733797e+02 1.106887226368453471e-03 2.405856911138581911e+00
1.036725575684631764e+02 8.296816517247600697e-04 1.898240230734384415e+00
1.068141502220529730e+02 1.098913896702808984e-03 2.642479631075075108e+00
1.099557428756427555e+02 7.345353238396485924e-04 1.853713221871440275e+00
1.130973355292325522e+02 9.300165827527040376e-04 2.459865235475900747e+00
1.162389281828223488e+02 6.148898863075093462e-04 1.702354531457351161e+00
1.193805208364121313e+02 8.364933651114391314e-04 2.421130968447225751e+00
1.225221134900019280e+02 6.477918999099737882e-04 1.957911149059478717e+00
1.256637061435917246e+02 7.252594071671978693e-04 2.286527754558318026e+00
1.288052987971815071e+02 5.907856927474106805e-04 1.940824138598820081e+00
1.319468914507713180e+02 6.951899092170961717e-04 2.377398940321720833e+00
1.350884841043611004e+02 4.955400543740644302e-04 1.762419588971440465e+00
1.382300767579508829e+02 6.120999723801695026e-04 2.262003513692162127e+00
1.413716694115406938e+02 4.496376123016435425e-04 1.725043073650155634e+00
1.445132620651304762e+02 5.414148369777030097e-04 2.154647982244598747e+00
1.476548547187202871e+02 4.314510130608124275e-04 1.779690070814724079e+00
1.507964473723100696e+02 4.731371376368989959e-04 2.021337756705885891e+00
1.539380400258998520e+02 3.831115917698483457e-04 1.693955044330368809e+00
1.570796326794896629e+02 4.506440102114999302e-04 2.060788385450754046e+00
1.602212253330794454e+02 3.564374274663498362e-04 1.684677265692719139e+00
1.633628179866692562e+02 3.921985395889075331e-04 1.914673233587466994e+00
1.665044106402590387e+02 3.018136063509429851e-04 1.520950401623955228e+00
1.696460032938488212e+02 3.610224904451788948e-04 1.876896446104912242e+00
1.727875959474386320e+02 2.976315545590230214e-04 1.595388937725678247e+00
1.759291886010284145e+02 3.133293199576529776e-04 1.730736166116476182e+00
1.790707812546181970e+02 2.504510168222179398e-04 1.424833157797523064e+00
1.822123739082080078e+02 2.991903389357599514e-04 1.752174448503929005e+00
1.853539665617977903e+02 2.305218978980171118e-04 1.389041838476582802e+00
1.884955592153875727e+02 2.561516939482394559e-04 1.587324686991553824e+00
1.916371518689773836e+02 2.014387539138482526e-04 1.283145403133380436e+00
1.947787445225671661e+02 2.446316371333666102e-04 1.601088084205819939e+00
1.979203371761569770e+02 1.911470916785440336e-04 1.284847936853183104e+00
2.010619298297467594e+02 1.995448502581111908e-04 1.376967221398178509e+00
2.042035224833365419e+02 1.752824091917739365e-04 1.241205570555186766e+00
2.073451151369263528e+02 1.852288670398920408e-04 1.345442113693984254e+00
2.104867077905161352e+02 1.579730605389820578e-04 1.176587304036764037e+00
2.136283004441059461e+02 1.705589945656301994e-04 1.302084801176027540e+00
2.167698930976957286e+02 1.388473264793630964e-04 1.086098283931308250e+00
2.199114857512855110e+02 1.514828671756075372e-04 1.213696327359301330e+00
2.230530784048753219e+02 1.300736606411598869e-04 1.067094951046138940e+00
2.261946710584651044e+02 1.380413179694208283e-04 1.159167988021534423e+00
2.293362637120548868e+02 1.163321905048321888e-04 9.995882149175042697e-01
2.324778563656446977e+02 1.243683616856977212e-04 1.093148678445055921e+00
2.356194490192344801e+02 1.005187186562918404e-04 9.035083502494507535e-01
2.387610416728242626e+02 1.141512080228310693e-04 1.048945570761379731e+00
2.419026343264140735e+02 9.066075906207169137e-05 8.514392776031155519e-01
2.450442269800038559e+02 9.828386322581327960e-05 9.430969590814933801e-01
2.481858196335936668e+02 8.788677527422406911e-05 8.614269797758563607e-01
2.513274122871834493e+02 8.814563288911289292e-05 8.822680790794230621e-01
2.544690049407732317e+02 7.605091627457072161e-05 7.771340480532314965e-01
2.576105975943630142e+02 8.503957783393544130e-05 8.869394468096694073e-01
2.607521902479528535e+02 6.767823584910302227e-05 7.202705168742751241e-01
2.638937829015426360e+02 7.500495116636899068e-05 8.143389303945491875e-01
2.670353755551324184e+02 6.206881559909545190e-05 6.873133649099179010e-01
2.701769682087222009e+02 6.833829858784434548e-05 7.716340233585863295e-01
2.733185608623119833e+02 5.627742183594171662e-05 6.478126171431132230e-01
2.764601535159017658e+02 5.887289667786955701e-05 6.907215077778851020e-01
2.796017461694916051e+02 5.260145461862493813e-05 6.288748397731845907e-01
2.827433388230813875e+02 5.495382161484483788e-05 6.693478455762209567e-01
2.858849314766711700e+02 4.487463684073153449e-05 5.567408079000223387e-01
2.890265241302609525e+02 4.848177047620511981e-05 6.125496620315628027e-01
2.921681167838507349e+02 4.168190130071923504e-05 5.362107991294245979e-01
2.953097094374405742e+02 4.356642423128263337e-05 5.705339072463897487e-01
2.984513020910303567e+02 3.861741567058101724e-05 5.147215327548776420e-01
3.015928947446201391e+02 3.963434463238298198e-05 5.375763954432530856e-01
3.047344873982099216e+02 3.469677638562482464e-05 4.788047741432376880e-01
3.078760800517997041e+02 3.669632472270613766e-05 5.151287836804238074e-01
3.110176727053895434e+02 3.115469505503306013e-05 4.448005171582792849e-01
3.141592653589793258e+02 3.280446642067390669e-05 4.762658396023073393e-01
3.173008580125691083e+02 2.716161868677602822e-05 4.009353896554787022e-01
3.204424506661588907e+02 2.969400083299184536e-05 4.455729221019544828e-01
3.235840433197486732e+02 2.552478973617944478e-05 3.892906762414377608e-01
3.267256359733385125e+02 2.606551992243736355e-05 4.039910514498497029e-01
3.298672286269282949e+02 2.296970065359922605e-05 3.617322988267653860e-01
3.330088212805180774e+02 2.459069445465859722e-05 3.934265732993978415e-01
3.361504139341078599e+02 2.112009620084958782e-05 3.432300545556923876e-01
3.392920065876976423e+02 2.135817736668670419e-05 3.525225495227111150e-01
3.424335992412874248e+02 1.857910448203366752e-05 3.114000859526483977e-01
3.455751918948772641e+02 1.997015218809809872e-05 3.398487192878003049e-01
3.487167845484670465e+02 1.775048023217267360e-05 3.066654571148612618e-01
3.518583772020568290e+02 1.738821102948445531e-05 3.049308712095993301e-01
3.549999698556466114e+02 1.602577230871057157e-05 2.852328195814816114e-01
3.581415625092363939e+02 1.666382384420129665e-05 3.009764665945856010e-01
3.612831551628262332e+02 1.400517776392443067e-05 2.566658847022744161e-01
3.644247478164160157e+02 1.523079035109895227e-05 2.831841074634660060e-01
3.675663404700057981e+02 1.302733739004535447e-05 2.457056925022522986e-01
3.707079331235955806e+02 1.360671968872344994e-05 2.602994425296866199e-01
3.738495257771853630e+02 1.200814815292504175e-05 2.329721964860959893e-01
3.769911184307751455e+02 1.267283642386818729e-05 2.493210958539370803e-01
3.801327110843649848e+02 1.096664853710917106e-05 2.187590340090687646e-01
3.832743037379547673e+02 1.131078893588466617e-05 2.287401512586624275e-01
3.864158963915445497e+02 9.996273665320623130e-06 2.049257079343361487e-01
3.895574890451343322e+02 1.063630053040251952e-05 2.210089508728378116e-01
3.926990816987241146e+02 8.985689380828904130e-06 1.892276276181354411e-01
3.958406743523139539e+02 9.413534199116859868e-06 2.008877252565864913e-01
3.989822670059037364e+02 8.853653504752860180e-06 1.914455066257411686e-01
4.021238596594935188e+02 8.461997257547494296e-06 1.853841574512937462e-01
4.052654523130833013e+02 7.841119328961417126e-06 1.740246229527764310e-01
4.084070449666730838e+02 8.378927892017262006e-06 1.883694607969219337e-01
4.115486376202629231e+02 7.216906334784215917e-06 1.643310698740403641e-01
4.146902302738527055e+02 7.321716110453803748e-06 1.688441010571579415e-01
4.178318229274424880e+02 6.573062514521928975e-06 1.534983172629941217e-01
4.209734155810322704e+02 7.169311999341894815e-06 1.695255905121971218e-01
4.241150082346220529e+02 6.083801650444638874e-06 1.456513278666388411e-01
4.272566008882118922e+02 6.373816086680773063e-06 1.544830480406626794e-01
4.303981935418016747e+02 5.733034476780896737e-06 1.406593544541821228e-01
4.335397861953914571e+02 6.027544665273947417e-06 1.496885916826105611e-01
4.366813788489812396e+02 5.182952705416190523e-06 1.302721860137282250e-01
4.398229715025710220e+02 5.648001539358282802e-06 1.436673188794105882e-01
4.429645641561608045e+02 4.865360296962406465e-06 1.252362290995436278e-01
4.461061568097506438e+02 5.166634977747335413e-06 1.345668671008027062e-01
4.492477494633404262e+02 4.643633345297894753e-06 1.223679744963501459e-01
4.523893421169302087e+02 4.889202815986109265e-06 1.303442851331371721e-01
4.555309347705199912e+02 4.257077305461569024e-06 1.148086635796142785e-01
4.586725274241097736e+02 4.553410281680617888e-06 1.242151776030982341e-01
4.618141200776996129e+02 4.130354505005513245e-06 1.139635600468024007e-01
4.649557127312893954e+02 4.251946156696892161e-06 1.186516375598364176e-01
4.680973053848791778e+02 3.749534413477711818e-06 1.058126470778130851e-01
4.712388980384689603e+02 4.002381509399683241e-06 1.142142703728291769e-01
4.743804906920587428e+02 3.690081349704330808e-06 1.064749162520031850e-01
4.775220833456485252e+02 3.726990461430623584e-06 1.087294978511399862e-01
4.806636759992383645e+02 3.423847347755627989e-06 1.009833791765842176e-01
4.838052686528281470e+02 3.626178502555562400e-06 1.081185389129161317e-01
4.869468613064179294e+02 3.197452701177450582e-06 9.636960530384243440e-02
4.900884539600077119e+02 3.361724417535137090e-06 1.024124825088705282e-01
4.932300466135974943e+02 3.076253291159731522e-06 9.471918804423981597e-02
4.963716392671873336e+02 3.156119010591417756e-06 9.821209394735268272e-02
4.995132319207771161e+02 2.893670762355554740e-06 9.099707749898955367e-02
5.026548245743668986e+02 2.975667173384726155e-06 9.455854469955718433e-02
5.057964172279566810e+02 2.762059603955788471e-06 8.868686312908100056e-02
5.089380098815464635e+02 2.924664283930309690e-06 9.488207349318333872e-02
5.120796025351362459e+02 2.552980230445541893e-06 8.367773450913763844e-02
5.152211951887260284e+02 2.785753025118249434e-06 9.224272948810022243e-02
5.183627878423158108e+02 2.465354454420924441e-06 8.246488606823249023e-02
5.215043804959057070e+02 2.589593543807557537e-06 8.749734428413058485e-02
5.246459731494954895e+02 2.389090761997187294e-06 8.153483976735879935e-02
5.277875658030852719e+02 2.447725000203390752e-06 8.437126247288689873e-02
5.309291584566750544e+02 2.257200104887442476e-06 7.857740651690288403e-02
5.340707511102648368e+02 2.430618883422522124e-06 8.545054908217912526e-02
5.372123437638546193e+02 2.143293739766860995e-06 7.608954736230746918e-02
5.403539364174444017e+02 2.271311085892326386e-06 8.142176015839658332e-02
5.434955290710341842e+02 2.047807660363797633e-06 7.412234028514166906e-02
5.466371217246239667e+02 2.160103513669564521e-06 7.894169218381953679e-02
5.497787143782137491e+02 1.992686307801871674e-06 7.352225276910816232e-02
5.529203070318035316e+02 2.065975388135297288e-06 7.695367727409965775e-02
5.560618996853934277e+02 1.855911242201189389e-06 6.978505647190051675e-02
5.592034923389832102e+02 2.027181260261124630e-06 7.694416797750419645e-02
5.623450849925729926e+02 1.839978986449580277e-06 7.049381849010719070e-02
5.654866776461627751e+02 1.918508600563401631e-06 7.418812245091266355e-02
5.686282702997525575e+02 1.729723068744992971e-06 6.750832358880044792e-02
5.717698629533423400e+02 1.839427576765503057e-06 7.245218059163621716e-02
5.749114556069321225e+02 1.656894399324596239e-06 6.586121940447670076e-02
5.780530482605219049e+02 1.770044714231747990e-06 7.100087981035277385e-02
5.811946409141116874e+02 1.619660590727870349e-06 6.555814909811821800e-02
5.843362335677014698e+02 1.700406172289664094e-06 6.944762011583520411e-02
5.874778262212913660e+02 1.541926719643218450e-06 6.354033979795098430e-02
5.906194188748811484e+02 1.606456343379435736e-06 6.679056711369102395e-02
5.937610115284709309e+02 1.491066598926855815e-06 6.254364238833703959e-02
5.969026041820607134e+02 1.526217266226995565e-06 6.458358545589484856e-02
6.000441968356504958e+02 1.467793893324959455e-06 6.265712685507947299e-02
6.031857894892402783e+02 1.466698977541966268e-06 6.315767850726765331e-02
6.063273821428300607e+02 1.394933365115000593e-06 6.058969481951610031e-02
6.094689747964198432e+02 1.439657833725846874e-06 6.307326154429063192e-02
6.126105674500096256e+02 1.339476081562442370e-06 5.918919541235134751e-02
6.157521601035994081e+02 1.411698645273517133e-06 6.291466735078421468e-02
6.188937527571891906e+02 1.250927622353515337e-06 5.622451017724312133e-02
6.220353454107790867e+02 1.328955596390133604e-06 6.023777314777212233e-02
6.251769380643688692e+02 1.223405091186300186e-06 5.592103471815466909e-02
6.283185307179586516e+02 1.279431685062796522e-06 5.897259188433877364e-02
6.314601233715484341e+02 1.160510667615384039e-06 5.393769135097924855e-02
6.346017160251382165e+02 1.241673281229634938e-06 5.818924730253433042e-02
6.377433086787279990e+02 1.138870220610394160e-06 5.381261390880151541e-02
6.408849013323177815e+02 1.183676490117770238e-06 5.638969627206299323e-02
6.440264939859075639e+02 1.077303497853907597e-06 5.174212881830685118e-02
6.471680866394973464e+02 1.149751184955547968e-06 5.567142709712056409e-02
6.503096792930871288e+02 1.051301286320286666e-06 5.131695665750979352e-02
6.534512719466770250e+02 1.077506929116899330e-06 5.302028824144438407e-02
6.565928646002668074e+02 1.033069620154338744e-06 5.124165973982853367e-02
6.597344572538565899e+02 1.074997691814984257e-06 5.374723710870032978e-02
6.628760499074463723e+02 9.602065199950483207e-07 4.838958125541131111e-02
6.660176425610361548e+02 1.016580225572788968e-06 5.163583610168136911e-02
6.691592352146259373e+02 9.349674231309329066e-07 4.786436180485913877e-02
6.723008278682157197e+02 9.742055488168867635e-07 5.026395704998733865e-02
6.754424205218055022e+02 9.165301132997112810e-07 4.765706505634507290e-02
6.785840131753952846e+02 9.223242106860813232e-07 4.833068849648079063e-02
6.817256058289850671e+02 8.671043376154053143e-07 4.578824904647034455e-02
6.848671984825748495e+02 9.253467040306293127e-07 4.923966537784750519e-02
6.880087911361647457e+02 8.284768721264547662e-07 4.442257217602423036e-02
6.911503837897545282e+02 8.815255217273819049e-07 4.762728365552108128e-02
6.942919764433443106e+02 7.784889674665052384e-07 4.237952059115928510e-02
6.974335690969340931e+02 8.433804447473659104e-07 4.625886138264048014e-02
7.005751617505238755e+02 7.823634758630922469e-07 4.323476742188108596e-02
7.037167544041136580e+02 8.040725496021066024e-07 4.476704081072867963e-02
7.068583470577034404e+02 7.571175115485356945e-07 4.246690486004289083e-02
7.099999397112932229e+02 7.804266049976812745e-07 4.409905190909083755e-02
7.131415323648830054e+02 7.272286339666065755e-07 4.139652190380928992e-02
7.162831250184727878e+02 7.525751154515593466e-07 4.315433083842779710e-02
7.194247176720625703e+02 6.952429109717977687e-07 4.015862437010668529e-02
7.225663103256524664e+02 7.169464200977652918e-07 4.171410036508269026e-02
7.257079029792422489e+02 6.878716525387351777e-07 4.031288070308892274e-02
7.288494956328320313e+02 6.953550674176810519e-07 4.104589406170439797e-02
7.319910882864218138e+02 6.540676903716772280e-07 3.888651461758665245e-02
7.351326809400115962e+02 6.824413118960335445e-07 4.086406120055825070e-02
7.382742735936013787e+02 6.262102156110327659e-07 3.776443919420049977e-02
7.414158662471911612e+02 6.489952593348017455e-07 3.941649324286015943e-02
7.445574589007809436e+02 6.055332688065955342e-07 3.703693505706542183e-02
7.476990515543707261e+02 6.282355940295890027e-07 3.869610518473030197e-02
7.508406442079605085e+02 5.958296237434678877e-07 3.695742588327600997e-02
7.539822368615502910e+02 6.115203724967273167e-07 3.819555168794185745e-02
7.571238295151401871e+02 5.724212630325674263e-07 3.600205433725318233e-02
7.602654221687299696e+02 5.972501019577671794e-07 3.782378303636555611e-02
7.634070148223197521e+02 5.553511629599352258e-07 3.541288122620710882e-02
7.665486074759095345e+02 5.803983059217319109e-07 3.726424282514674557e-02
7.696902001294993170e+02 5.312644613954800435e-07 3.434293122295180994e-02
7.728317927830890994e+02 5.684483493365421557e-07 3.699695454933337596e-02
7.759733854366788819e+02 5.260953957282685027e-07 3.447274585041257278e-02
7.791149780902686643e+02 5.447157184467330129e-07 3.593402206086727252e-02
7.822565707438584468e+02 5.157268427200511203e-07 3.425061988234553989e-02
7.853981633974482293e+02 5.420978120934349018e-07 3.624327687188422936e-02
7.885397560510381254e+02 4.988931957226753669e-07 3.357738763032350193e-02
7.916813487046279079e+02 5.160769747749127847e-07 3.496486363994481816e-02
7.948229413582176903e+02 4.798434564413812758e-07 3.272529472802346295e-02
7.979645340118074728e+02 5.120130861725405729e-07 3.514959913537298031e-02
8.011061266653972552e+02 4.754766013841361369e-07 3.285583975259812051e-02
8.042477193189870377e+02 4.904704981418239447e-07 3.411373616545970017e-02
8.073893119725768202e+02 4.589186223298295078e-07 3.212728366551913933e-02
8.105309046261666026e+02 4.622966783255777302e-07 3.257392339794015074e-02
8.136724972797563851e+02 4.207946634637266352e-07 2.984142913375080475e-02
8.168140899333461675e+02 4.254843718196907727e-07 3.036842817390923016e-02
8.199556825869359500e+02 3.931013638505612768e-07 2.823721435348513012e-02
8.230972752405258461e+02 3.915828900306747866e-07 2.830798655586635321e-02
8.262388678941156286e+02 3.708194762374970133e-07 2.697771970700104521e-02
8.293804605477054110e+02 3.722401904647976345e-07 2.725291286623435227e-02
8.325220532012951935e+02 3.425721277322497815e-07 2.523935600638451196e-02
8.356636458548849760e+02 3.396118419222936406e-07 2.517881812489212306e-02
8.388052385084747584e+02 3.257480559659874492e-07 2.430246852475327624e-02
8.419468311620645409e+02 3.193051261459083800e-07 2.397067895442903801e-02
8.450884238156543233e+02 2.951740045477474952e-07 2.229709898165403020e-02
8.482300164692441058e+02 3.006871128147384203e-07 2.285445537466981869e-02
8.513716091228338883e+02 2.815445799163167010e-07 2.153173917426746270e-02
8.545132017764237844e+02 2.814978931623753750e-07 2.166073105029207510e-02
8.576547944300135669e+02 2.647009176133841223e-07 2.049319376602986437e-02
8.607963870836033493e+02 2.690274304491443709e-07 2.095546438304922432e-02
8.639379797371931318e+02 2.456350301983516030e-07 1.924987495942860269e-02
8.670795723907829142e+02 2.508375780897502780e-07 1.977686839245526920e-02
8.702211650443726967e+02 2.322081162317332931e-07 1.841874908282705933e-02
8.733627576979624791e+02 2.348394724340474698e-07 1.873968171931862312e-02
8.765043503515522616e+02 2.196801630600080506e-07 1.763522353232870737e-02
8.796459430051420441e+02 2.221240405518928902e-07 1.793805721807063824e-02
8.827875356587318265e+02 2.097239066507991392e-07 1.703759380507774771e-02
8.859291283123216090e+02 2.072158360222003446e-07 1.693380589691340435e-02
8.890707209659115051e+02 1.949491023006032384e-07 1.602562908495122965e-02
8.922123136195012876e+02 1.979669560802011171e-07 1.636966254608246754e-02
8.953539062730910700e+02 1.834699773754193856e-07 1.526005955661902634e-02
8.984954989266808525e+02 1.857473516807185888e-07 1.553993293368413631e-02
9.016370915802706349e+02 1.770380910805392934e-07 1.489771518617018578e-02
9.047786842338604174e+02 1.748128597246413548e-07 1.479598826345190563e-02
9.079202768874501999e+02 1.660171215291512883e-07 1.413293642565647927e-02
9.110618695410399823e+02 1.660978242568847703e-07 1.422144506121606790e-02
9.142034621946297648e+02 1.599296071821774182e-07 1.377210441384295325e-02
9.173450548482195472e+02 1.555418069738089393e-07 1.347105719982878876e-02
9.204866475018093297e+02 1.474356867855017443e-07 1.284197358415523939e-02
9.236282401553992258e+02 1.496482730109149745e-07 1.310892406648562353e-02
9.267698328089890083e+02 1.413821276789442608e-07 1.245511268043229640e-02
9.299114254625787908e+02 1.399440690087454674e-07 1.239815715080932503e-02
9.330530181161685732e+02 1.334313631298611014e-07 1.188780829070380275e-02
9.361946107697583557e+02 1.344558445673536394e-07 1.204638057891852312e-02
9.393362034233481381e+02 1.242337026946878284e-07 1.119286324626238976e-02
9.424777960769379206e+02 1.279185127275910037e-07 1.158915968672626431e-02
9.456193887305277030e+02 1.171506038576523090e-07 1.067263880983709487e-02
9.487609813841174855e+02 1.199909080512097750e-07 1.099199104813244031e-02
9.519025740377072680e+02 1.123213251025122995e-07 1.034625203672040993e-02
9.550441666912970504e+02 1.149639727868998026e-07 1.064798728135302186e-02
9.581857593448869466e+02 1.066999182849749735e-07 9.936808956548109917e-03
9.613273519984767290e+02 1.083437177327271345e-07 1.014508988668477892e-02
9.644689446520665115e+02 1.029127247001233356e-07 9.689086287958106544e-03
9.676105373056562939e+02 1.021550348369136248e-07 9.670021170754185963e-03
9.707521299592460764e+02 9.557675206766658671e-08 9.096329597488355886e-03
9.738937226128358589e+02 9.546794812504556976e-08 9.135034656848154203e-03
9.770353152664256413e+02 9.186061096360377137e-08 8.837167752474861873e-03
9.801769079200154238e+02 9.131297216070941015e-08 8.831610831666497977e-03
9.833185005736052062e+02 8.582173457192149034e-08 8.344896828689867679e-03
9.864600932271949887e+02 8.767882293673976155e-08 8.570916132797971876e-03
9.896016858807848848e+02 8.079927819771949657e-08 7.940384359763302466e-03
9.927432785343746673e+02 8.199068807067079362e-08 8.100144938267894029e-03
9.958848711879644497e+02 7.768984520928774254e-08 7.715773691100913899e-03
9.990264638415542322e+02 7.853474889248618496e-08 7.840736288577367791e-03
1.002168056495144015e+03 7.403122653692323559e-08 7.429892628266042930e-03
1.005309649148733797e+03 7.219558027004193057e-08 7.283559903121402529e-03
1.008451241802323580e+03 7.037331012043564807e-08 7.136733633235263843e-03
1.011592834455913362e+03 7.174980890201820577e-08 7.314146519522881848e-03
1.014734427109503144e+03 6.456422230405610134e-08 6.615752494540393797e-03
1.017876019763092927e+03 6.688461433144074549e-08 6.888918265353361631e-03
1.021017612416682709e+03 6.211413120972999816e-08 6.430515725003691126e-03
1.024159205070272492e+03 6.224779974187588611e-08 6.477435936653569079e-03
1.027300797723862388e+03 5.759916655200677106e-08 6.024378384121301111e-03
1.030442390377452057e+03 5.939009923044863378e-08 6.243386844075959376e-03
1.033583983031041953e+03 5.611796941551052999e-08 5.929411150951019796e-03
1.036725575684631622e+03 5.521495703493802917e-08 5.863583213374950857e-03
1.039867168338221518e+03 5.302893931307996227e-08 5.659908164460340264e-03
1.043008760991811414e+03 5.210360578649183418e-08 5.589174985067793533e-03
1.046150353645401083e+03 4.927501912538985294e-08 5.312312872304073182e-03
1.049291946298990979e+03 4.929032934395582261e-08 5.340586486466365919e-03
1.052433538952580648e+03 4.684948078756803712e-08 5.101476789284410153e-03
1.055575131606170544e+03 4.643402059544639789e-08 5.081417432324328645e-03
1.058716724259760213e+03 4.299132074867097533e-08 4.728032030107833829e-03
1.061858316913350109e+03 4.488164371003804028e-08 4.960358233817514610e-03
1.064999909566939778e+03 4.119585680878231663e-08 4.575474698091399305e-03
1.068141502220529674e+03 4.066438202682981695e-08 4.538672292155594527e-03
1.071283094874119342e+03 3.765838569421323400e-08 4.223788064290985751e-03
1.074424687527709239e+03 3.903095343502904979e-08 4.399153587949351796e-03
1.077566280181299135e+03 3.544419421382447302e-08 4.014379524164459444e-03
1.080707872834888803e+03 3.533260911824123397e-08 4.021205189113748885e-03
1.083849465488478700e+03 3.430767929620542200e-08 3.923493655253660478e-03
1.086991058142068368e+03 3.344232897968862467e-08 3.843024329897280940e-03
1.090132650795658265e+03 3.020938932226156382e-08 3.488249376800695370e-03
1.093274243449247933e+03 3.137247225733063715e-08 3.639965535902423780e-03
1.096415836102837829e+03 2.897679820282553369e-08 3.378126401036720284e-03
1.099557428756427498e+03 2.845423131860238919e-08 3.333061953350141462e-03
1.102699021410017394e+03 2.607908061031260364e-08 3.069403085466723604e-03
1.105840614063607063e+03 2.665758221066712469e-08 3.152402409957450261e-03
1.108982206717196959e+03 2.432436679244905308e-08 2.890119767374989528e-03
1.112123799370786855e+03 2.358693137978732162e-08 2.815745085452932631e-03
1.115265392024376524e+03 2.216109919131481954e-08 2.658000187205893355e-03
1.118406984677966420e+03 2.222846047934097740e-08 2.678608048190240717e-03
1.121548577331556089e+03 1.988298420279534275e-08 2.407197454430554627e-03
1.124690169985145985e+03 1.954041406897578670e-08 2.376777866979732420e-03
1.127831762638735654e+03 1.814284318801272228e-08 2.217069031514046912e-03
1.130973355292325550e+03 1.736152018274644458e-08 2.131449456710829415e-03
1.134114947945915219e+03 1.564572820612480193e-08 1.929704927631456643e-03
1.137256540599505115e+03 1.582240315989122026e-08 1.960513565375714227e-03
1.140398133253095011e+03 1.391049141816286591e-08 1.731556374665879682e-03
1.143539725906684680e+03 1.373309717872225030e-08 1.717330647759433967e-03
1.146681318560274576e+03 1.226246970805290110e-08 1.540455567431500044e-03
1.149822911213864245e+03 1.241507160274417035e-08 1.566754048036998271e-03
1.152964503867454141e+03 1.124015297632978426e-08 1.424947236820338272e-03
1.156106096521043810e+03 1.128132070745578903e-08 1.436666939387913232e-03
1.159247689174633706e+03 9.988358227359690153e-09 1.277775356010258691e-03
1.162389281828223375e+03 1.032578607867540020e-08 1.326913007352933027e-03
1.165530874481813271e+03 8.918309689656952124e-09 1.151212561386590191e-03
1.168672467135402940e+03 9.320479800930559158e-09 1.208536089455736076e-03
1.171814059788992836e+03 8.202810225295533638e-09 1.068383498580160454e-03
1.174955652442582732e+03 8.644690710883047889e-09 1.130972168908715844e-03
1.178097245096172401e+03 7.506668224664971527e-09 9.864667595285677229e-04
1.181238837749762297e+03 7.627221210977319132e-09 1.006767540873655100e-03
1.184380430403351966e+03 7.080196884886666013e-09 9.387084043026327259e-04
1.187522023056941862e+03 6.956114822044980154e-09 9.263381061125302955e-04
1.190663615710531531e+03 6.124580261337797012e-09 8.192028756212971436e-04
1.193805208364121427e+03 6.353857854052703949e-09 8.536108833105583585e-04
1.196946801017711095e+03 5.707713973991396300e-09 7.701706225270570647e-04
1.200088393671300992e+03 5.791692929933288615e-09 7.849239618575183089e-04
1.203229986324890660e+03 5.365477365412358750e-09 7.303361171073322359e-04
1.206371578978480557e+03 4.989836516471514701e-09 6.821629771636541833e-04
1.209513171632070453e+03 4.743581654566025380e-09 6.513144564506622661e-04
1.212654764285660121e+03 4.590044613909075315e-09 6.329637944241149833e-04
1.215796356939250018e+03 4.186785590239954523e-09 5.798497180157655617e-04
1.218937949592839686e+03 4.373389514004193182e-09 6.083042113368945401e-04
1.222079542246429583e+03 3.990418987263649525e-09 5.574222350241411165e-04
1.225221134900019251e+03 3.656523874158261938e-09 5.129706841262275272e-04
1.228362727553609147e+03 3.653140641721747927e-09 5.146880787374204626e-04
1.231504320207198816e+03 3.381937130146378132e-09 4.785111875945488764e-04
1.234645912860788712e+03 3.150581912997354422e-09 4.476735963413894584e-04
1.237787505514378381e+03 3.133394748300528828e-09 4.471212067364120917e-04
1.240929098167968277e+03 2.742234833680686298e-09 3.929611267879100801e-04
1.244070690821558173e+03 2.914829630913602127e-09 4.194577987682494391e-04
1.247212283475147842e+03 2.646084132951480949e-09 3.823880229862451218e-04
1.250353876128737738e+03 2.597134773385633348e-09 3.768912559331973446e-04
1.253495468782327407e+03 2.372160024891309102e-09 3.456861106182616719e-04
1.256637061435917303e+03 2.262250992666251460e-09 3.310476892639426915e-04
1.259778654089506972e+03 2.048162043956221728e-09 3.009687393425080964e-04
1.262920246743096868e+03 1.956527531335253994e-09 2.886993723938385934e-04
1.266061839396686537e+03 1.971240716348186410e-09 2.920773361712725841e-04
1.269203432050276433e+03 1.783745256593790744e-09 2.653902076399122139e-04
1.272345024703866102e+03 1.658209384651726207e-09 2.477312887172438555e-04
1.275486617357455998e+03 1.545135693585171932e-09 2.317891674480079193e-04
1.278628210011045894e+03 1.494684673862960728e-09 2.251421027455223023e-04
1.281769802664635563e+03 1.316581439877184794e-09 1.991274450349667568e-04
1.284911395318225459e+03 1.214098056784025194e-09 1.843779853203645518e-04
1.288052987971815128e+03 1.246231862534795684e-09 1.900298095366616973e-04
1.291194580625405024e+03 1.234251631157983556e-09 1.889686965573780992e-04
1.294336173278994693e+03 1.091072023460871715e-09 1.677252963552797779e-04
1.297477765932584589e+03 9.476221203877078402e-10 1.462631976414359241e-04
1.300619358586174258e+03 9.311374320356457650e-10 1.442992726937819656e-04
1.303760951239764154e+03 8.060050013159654101e-10 1.254106308047690224e-04
1.306902543893354050e+03 6.854772387044960949e-10 1.070857569276326555e-04
1.310044136546943719e+03 6.675339074313135630e-10 1.047007702675125713e-04
1.313185729200533615e+03 7.084213087152263440e-10 1.115582963524329549e-04
1.316327321854123284e+03 6.228937347937249348e-10 9.848130360771639529e-05
1.319468914507713180e+03 6.013471357029503406e-10 9.545320574614143310e-05
1.322610507161302849e+03 5.287219336801643114e-10 8.425854229881040943e-05
1.325752099814892745e+03 4.821273633228080900e-10 7.713751670814284248e-05
1.328893692468482413e+03 3.496433684169390174e-10 5.616197376484277366e-05
1.332035285122072310e+03 2.845682418078322814e-10 4.588942818317102870e-05
1.335176877775661978e+03 2.915959469753422367e-10 4.720769776025814584e-05
1.338318470429251875e+03 3.423966289680517134e-10 5.564958541429347973e-05
1.341460063082841771e+03 2.987422400034248326e-10 4.874456651795402800e-05
1.344601655736431439e+03 2.631984679807348608e-10 4.311278647706587623e-05
1.347743248390021336e+03 2.330107369625821852e-10 3.831668025677842138e-05
1.350884841043611004e+03 1.876745876952570936e-10 3.098151737014046334e-05
1.354026433697200900e+03 1.201306199255438435e-10 1.990821350390036362e-05
1.357168026350790569e+03 4.201113526755568706e-11 6.989087057332252574e-06
1.360309619004380465e+03 1.456938604416766247e-10 2.433161107933503304e-05
1.363451211657970134e+03 1.075809723344323113e-10 1.803577472772936618e-05
1.366592804311560030e+03 8.164100551376532333e-11 1.373958328731486816e-05
1.369734396965149699e+03 5.995212039482515146e-11 1.012818948518337643e-05
1.372875989618739595e+03 3.881328270411637822e-11 6.582121453519954401e-06
1.376017582272329491e+03 2.844847484561934783e-11 4.842827059015841674e-06
1.379159174925919160e+03 2.101203984254097003e-11 3.590532569377002989e-06
1.382300767579509056e+03 0.000000000000000000e+00 0.000000000000000000e+00
1.385442360233098725e+03 1.284230727973352094e-11 2.211178624595540040e-06
1.388583952886688621e+03 2.510723747746068715e-12 4.339294911838916222e-07
