0.000000000000000000e+00 1.061056953501315720e-06 0.000000000000000000e+00
6.283185307179586232e+00 3.250796408829188799e-02 6.954878572593305996e-01
1.256637061435917246e+01 1.531827239845724720e-02 1.040462011356028560e+00
1.884955592153875870e+01 1.077850807967491512e-02 1.438999103622891962e+00
2.513274122871834493e+01 6.307642491506889465e-03 1.360191854091439057e+00
3.141592653589793116e+01 6.014022917809736142e-03 1.881112921211925970e+00
3.769911184307751739e+01 3.542245253433646320e-03 1.501402581507077505e+00
4.398229715025710362e+01 3.672486370507641040e-03 2.012596470112322677e+00
5.026548245743668986e+01 2.747683362880653807e-03 1.881119749522784046e+00
5.654866776461627609e+01 2.374970386115195058e-03 1.978618938771459890e+00
6.283185307179586232e+01 1.857092186911210108e-03 1.844165572114141449e+00
6.911503837897544145e+01 1.427615894797030225e-03 1.661749782186767055e+00
7.539822368615503478e+01 1.225115726762084469e-03 1.648588650214852791e+00
8.168140899333462812e+01 9.998659555774727908e-04 1.537495367053383077e+00
8.796459430051420725e+01 7.798398700399178764e-04 1.356808665197019481e+00
9.424777960769378637e+01 6.680854021058081887e-04 1.304018826260995523e+00
1.005309649148733797e+02 5.097830438977450120e-04 1.108030728086471850e+00
1.068141502220529730e+02 4.420036582896879002e-04 1.062854576137040929e+00
1.130973355292325522e+02 3.498210413631350278e-04 9.252658869158759680e-01
1.193805208364121313e+02 3.009863788459770989e-04 8.711694238097176246e-01
1.256637061435917246e+02 2.325787603500355325e-04 7.332518343171600117e-01
1.319468914507713180e+02 1.873683217551500425e-04 6.407590842223324090e-01
1.382300767579508829e+02 1.559645840413237936e-04 5.763640794512157051e-01
1.445132620651304762e+02 1.327959503151313612e-04 5.284829798791335076e-01
1.507964473723100696e+02 1.069775482518676134e-04 4.570297704410464235e-01
1.570796326794896629e+02 8.987590866703888616e-05 4.110011994299886395e-01
1.633628179866692562e+02 7.461477559069193172e-05 3.642617175560586840e-01
1.696460032938488212e+02 6.189514540062874160e-05 3.217826631530241732e-01
1.759291886010284145e+02 4.783313391988841751e-05 2.642157293962544284e-01
1.822123739082080078e+02 4.301947787857532336e-05 2.519387163199953705e-01
1.884955592153875727e+02 3.383784583872470559e-05 2.096868743147006220e-01
1.947787445225671661e+02 2.975078707485549751e-05 1.947157417555403225e-01
2.010619298297467594e+02 2.469524936587166099e-05 1.704105561084365561e-01
2.073451151369263528e+02 2.184439378973514735e-05 1.586705561746771798e-01
2.136283004441059461e+02 1.804904062132359557e-05 1.377903377578305888e-01
2.199114857512855110e+02 1.590549073269303840e-05 1.274364292612585881e-01
2.261946710584651044e+02 1.371330592140017335e-05 1.151541108695770949e-01
2.324778563656446977e+02 1.181014359332062300e-05 1.038064881316954208e-01
2.387610416728242626e+02 1.063570606374936852e-05 9.773244594361640836e-02
2.450442269800038559e+02 9.482482780106063830e-06 9.099052866810683482e-02
2.513274122871834493e+02 8.475770711380733235e-06 8.483576212623836210e-02
2.576105975943630142e+02 7.773632677326935497e-06 8.107685435590841760e-02
2.638937829015426360e+02 6.994276573879761171e-06 7.593780964436867842e-02
2.701769682087222009e+02 6.452288527711148142e-06 7.285527236397726369e-02
2.764601535159017658e+02 5.815645280506144317e-06 6.823158878748598888e-02
2.827433388230813875e+02 5.338512536828266461e-06 6.502408313205235157e-02
2.890265241302609525e+02 4.908019618178368273e-06 6.201105547156090386e-02
2.953097094374405742e+02 4.569749521721606866e-06 5.984418266516960266e-02
3.015928947446201391e+02 4.247634073886667350e-06 5.761235200887553781e-02
3.078760800517997041e+02 3.985511727294401630e-06 5.594706892145218102e-02
3.141592653589793258e+02 3.661036923935409798e-06 5.315211660611814104e-02
3.204424506661588907e+02 3.464704993466396089e-06 5.198958324419601651e-02
3.267256359733385125e+02 3.139116456892124028e-06 4.865335361876756831e-02
3.330088212805180774e+02 2.981975049159812682e-06 4.770862520448231059e-02
3.392920065876976423e+02 2.691407713964097241e-06 4.442241923749413318e-02
3.455751918948772641e+02 2.584799917099275042e-06 4.398769389273549102e-02
3.518583772020568290e+02 2.355159675313110665e-06 4.130159741063579165e-02
3.581415625092363939e+02 2.215598830861674128e-06 4.001741219413398193e-02
3.644247478164160157e+02 2.096048393669430069e-06 3.897155563688008140e-02
3.707079331235955806e+02 1.932692470466563261e-06 3.697281814813125483e-02
3.769911184307751455e+02 1.870186672773186541e-06 3.679341980845322185e-02
3.832743037379547673e+02 1.748842346069150256e-06 3.536715829770926273e-02
3.895574890451343322e+02 1.648437606340652518e-06 3.425246070429455864e-02
3.958406743523139539e+02 1.616462235544481902e-06 3.449580302073711191e-02
4.021238596594935188e+02 1.438986582601779572e-06 3.152510064469849632e-02
4.084070449666730838e+02 1.299158318072244904e-06 2.920680963232242036e-02
4.146902302738527055e+02 1.090996484890069175e-06 2.515917279075787633e-02
4.209734155810322704e+02 9.849820115140428671e-07 2.329088999908746072e-02
4.272566008882118922e+02 8.689172044478478094e-07 2.106006455356924587e-02
4.335397861953914571e+02 7.651008063324260749e-07 1.900058291644786401e-02
4.398229715025710220e+02 6.761665211377592996e-07 1.719954049780897040e-02
4.461061568097506438e+02 6.055601739976085348e-07 1.577203262991190569e-02
4.523893421169302087e+02 5.406307551659326197e-07 1.441301004586752546e-02
4.586725274241097736e+02 4.926735011037003095e-07 1.343993241420559162e-02
4.649557127312893954e+02 4.335718198333369719e-07 1.209893176610398781e-02
4.712388980384689603e+02 4.003357956165427255e-07 1.142421348216943015e-02
4.775220833456485252e+02 3.465256189128374078e-07 1.010937831123012720e-02
4.838052686528281470e+02 3.183220398765884074e-07 9.491125114491910306e-03
4.900884539600077119e+02 2.863138287093270325e-07 8.722341968840230039e-03
4.963716392671873336e+02 2.533381914585802162e-07 7.883376443184294050e-03
5.026548245743668986e+02 2.279296547270825923e-07 7.242979536703351116e-03
5.089380098815464635e+02 2.046548113424861565e-07 6.639419422333276560e-03
5.152211951887260284e+02 1.858018311485663835e-07 6.152328614380082709e-03
5.215043804959057070e+02 1.609699500637216488e-07 5.438862470832383535e-03
5.277875658030852719e+02 1.446279563251654290e-07 4.985218218146976639e-03
5.340707511102648368e+02 1.268126157481994672e-07 4.458209273422874055e-03
5.403539364174444017e+02 1.078772971821547256e-07 3.867175866951175819e-03
5.466371217246239667e+02 9.871550954776702295e-08 3.607590709970391867e-03
5.529203070318035316e+02 7.748624319717887198e-08 2.886216063570843510e-03
5.592034923389832102e+02 6.706175514455959914e-08 2.545411727042395933e-03
5.654866776461627751e+02 5.370739900289974175e-08 2.076848179141365866e-03
5.717698629533423400e+02 4.233950990749738133e-08 1.667687196129515569e-03
5.780530482605219049e+02 3.402980549165552459e-08 1.365019827045101542e-03
5.843362335677014698e+02 2.956986162931408809e-08 1.207685875748863843e-03
5.906194188748811484e+02 2.430768334100663347e-08 1.010624385939124089e-03
5.969026041820607134e+02 1.979408737867563437e-08 8.376088791751450059e-04
6.031857894892402783e+02 1.598790583740846272e-08 6.884568901628074482e-04
6.094689747964198432e+02 1.450470214322896258e-08 6.354696584633936704e-04
6.157521601035994081e+02 1.095876379929967072e-08 4.883952969120902666e-04
6.220353454107790867e+02 9.017178018018352304e-09 4.087230042583081123e-04
6.283185307179586516e+02 7.252635322855069850e-09 3.342942870448601658e-04
6.346017160251382165e+02 6.125217674696882717e-09 2.870495898098290107e-04
6.408849013323177815e+02 4.495094472291486227e-09 2.141438257183991183e-04
6.471680866394973464e+02 3.079621423975923725e-09 1.491165408959633273e-04
6.534512719466770250e+02 2.110126949549589291e-09 1.038318511629924938e-04
6.597344572538565899e+02 1.993361378209109902e-09 9.966315970134191084e-05
6.660176425610361548e+02 1.334057892018123156e-09 6.776169054792423926e-05
6.723008278682157197e+02 6.568192914761312588e-10 3.388847117166728638e-05
6.785840131753952846e+02 3.246187331711869646e-10 1.701033832923932071e-05
6.848671984825748495e+02 2.155448751063159888e-10 1.146960104565696525e-05
