0.000000000000000000e+00 1.465145140584438871e-02 0.000000000000000000e+00
2.513274122871834493e+01 4.840036176153947149e-03 1.043714476395398050e+00
5.026548245743668986e+01 2.091029198061688903e-03 1.431560992231215801e+00
7.539822368615503478e+01 9.120411335021666151e-04 1.227296840923465027e+00
1.005309649148733797e+02 4.002374012011770542e-04 8.699295599744039098e-01
1.256637061435917246e+02 1.767293922112608460e-04 5.571753449095380173e-01
1.507964473723100696e+02 8.319843794523266241e-05 3.554405911943256946e-01
1.759291886010284145e+02 3.851547904397477595e-05 2.127478288521406913e-01
2.010619298297467594e+02 2.011821712658182313e-05 1.388265620507967424e-01
2.261946710584651044e+02 1.138645171541581740e-05 9.561492544273393623e-02
2.513274122871834493e+02 7.419520562013010971e-06 7.426353342056513096e-02
2.764601535159017658e+02 5.153508282178496156e-06 6.046311990539825210e-02
3.015928947446201391e+02 3.838614636770737429e-06 5.206465854477422550e-02
3.267256359733385125e+02 2.846772318591880536e-06 4.412229434319751842e-02
3.518583772020568290e+02 2.148950366914827598e-06 3.768537812535134590e-02
3.769911184307751455e+02 1.719141714142503021e-06 3.382181239954769325e-02
4.021238596594935188e+02 1.203356346366308745e-06 2.636294902906180168e-02
4.272566008882118922e+02 7.285085268279768267e-07 1.765696032290229103e-02
4.523893421169302087e+02 4.665276337689976803e-07 1.243744904990392273e-02
4.775220833456485252e+02 3.010205180764146583e-07 8.781833522797660371e-03
5.026548245743668986e+02 1.947605170766220985e-07 6.188955278473137235e-03
5.277875658030852719e+02 1.193659163804511725e-07 4.114454467072433709e-03
5.529203070318035316e+02 6.012224750459742860e-08 2.239440052399764743e-03
5.780530482605219049e+02 2.675801401946766754e-08 1.073330250973092946e-03
6.031857894892402783e+02 1.260686395453733428e-08 5.428654910225079325e-04
6.283185307179586516e+02 5.214855996156325257e-09 2.403673271401197736e-04
6.534512719466770250e+02 1.492883484503114294e-09 7.345949294648074278e-05
