0.000000000000000000e+00 9.950857965176850922e-06 0.000000000000000000e+00
4.712388980384689674e+00 5.142707823508424481e-02 6.811776720806207441e-01
9.424777960769379348e+00 1.341483108077465639e-02 5.641186017474428827e-01
1.413716694115406902e+01 5.181130734310110050e-03 4.282478536586377116e-01
1.884955592153875870e+01 9.370654327674764889e-03 1.251041709873696561e+00
2.356194490192344659e+01 3.966320954810871602e-03 7.680799254951694577e-01
2.827433388230813804e+01 4.201396492778710669e-03 1.102506026604536782e+00
3.298672286269282949e+01 3.208263494681908110e-03 1.088517250384613888e+00
3.769911184307751739e+01 3.767660281922083267e-03 1.596946136927179571e+00
4.241150082346220529e+01 2.778861065919228067e-03 1.433308146612950917e+00
4.712388980384689319e+01 2.419378913078405226e-03 1.487438816278276343e+00
5.183627878423158819e+01 2.011053063171235229e-03 1.449260842279610051e+00
5.654866776461627609e+01 2.252614786175178782e-03 1.876682885706788984e+00
6.126105674500096399e+01 1.929754308468964886e-03 1.837142423205018416e+00
6.597344572538565899e+01 1.703821397127498749e-03 1.835295558784432624e+00
7.068583470577034689e+01 1.401319901935747705e-03 1.693393706431330026e+00
7.539822368615503478e+01 1.692231819970778329e-03 2.277167871568775315e+00
8.011061266653972268e+01 1.408689431012162671e-03 2.097162152719448169e+00
8.482300164692441058e+01 1.175425143149257329e-03 1.924794509155706157e+00
8.953539062730909848e+01 1.073041263643929660e-03 1.922830390275646062e+00
9.424777960769378637e+01 1.200262733730788917e-03 2.342762162308934748e+00
9.896016858807848848e+01 1.038795237736280875e-03 2.199365090662752209e+00
1.036725575684631764e+02 9.754554811572133197e-04 2.231758209638288637e+00
1.083849465488478643e+02 7.999651003542649665e-04 1.970997107563918993e+00
1.130973355292325522e+02 8.233076866106585302e-04 2.177623489679392232e+00
1.178097245096172401e+02 7.642922028371100301e-04 2.163854208123288547e+00
1.225221134900019280e+02 6.998325283539227372e-04 2.115200745685539729e+00
1.272345024703866159e+02 6.093921381957988215e-04 1.961424851562602045e+00
1.319468914507713180e+02 6.315644219412772055e-04 2.159813552470891018e+00
1.366592804311559917e+02 5.703222020396097117e-04 2.067849027361759351e+00
1.413716694115406938e+02 4.727146294923024691e-04 1.813578479888692696e+00
1.460840583919253675e+02 4.756210120678034271e-04 1.927224946650593296e+00
1.507964473723100696e+02 4.526340087775557121e-04 1.933744234242210647e+00
1.555088363526947717e+02 4.186278176346092984e-04 1.882578970330887946e+00
1.602212253330794454e+02 3.802093285569613733e-04 1.797033539876158992e+00
1.649336143134641475e+02 3.200903870471722324e-04 1.587771218057550948e+00
1.696460032938488212e+02 3.401023228479722643e-04 1.768135941553801382e+00
1.743583922742335233e+02 3.078865871265977733e-04 1.675439933940070292e+00
1.790707812546181970e+02 2.772214189841833067e-04 1.577131827341431203e+00
1.837831702350028991e+02 2.428874167864800647e-04 1.442938807946495983e+00
1.884955592153875727e+02 2.478012720178788923e-04 1.535578666215539068e+00
1.932079481957722749e+02 2.203467846457572569e-04 1.422814770442696775e+00
1.979203371761569770e+02 1.936040794941618483e-04 1.301363258629979480e+00
2.026327261565416507e+02 1.837121545914576284e-04 1.284262701160863163e+00
2.073451151369263528e+02 1.805250000452061183e-04 1.311274757098845223e+00
2.120575041173110264e+02 1.619822813844634137e-04 1.221490950689805288e+00
2.167698930976957286e+02 1.467224889552013150e-04 1.147699761378260463e+00
2.214822820780804022e+02 1.335467472422190681e-04 1.082758572011029541e+00
2.261946710584651044e+02 1.340814299003063317e-04 1.125915802709287705e+00
2.309070600388498065e+02 1.184131502063274848e-04 1.029110370468411251e+00
2.356194490192344801e+02 1.056736029053626950e-04 9.498428143757834397e-01
2.403318379996191823e+02 9.788018758876704804e-05 9.093135012468694933e-01
2.450442269800038559e+02 9.634329563645873643e-05 9.244759634028080209e-01
2.497566159603885581e+02 8.653421862297478058e-05 8.571356238378190495e-01
2.544690049407732317e+02 8.126975649183190210e-05 8.304632993345775205e-01
2.591813939211579054e+02 7.124273014657420328e-05 7.506086924082843170e-01
2.638937829015426360e+02 7.217054783763153698e-05 7.835654289238122017e-01
2.686061718819273096e+02 6.477082906457430817e-05 7.242793476395340546e-01
2.733185608623119833e+02 5.878257284018867574e-05 6.766495534393575095e-01
2.780309498426967139e+02 5.305194258143546091e-05 6.283329910385386796e-01
2.827433388230813875e+02 5.206214028916683660e-05 6.341266251304219503e-01
2.874557278034660612e+02 4.681134566535415141e-05 5.860968722132092745e-01
2.921681167838507349e+02 4.332196384200354518e-05 5.573091468161007755e-01
2.968805057642354654e+02 3.925519695971837407e-05 5.186407413860797400e-01
3.015928947446201391e+02 3.814355249243893523e-05 5.173561881361927739e-01
3.063052837250048128e+02 3.587474466803703440e-05 4.993207713389200553e-01
3.110176727053895434e+02 3.174617509334064149e-05 4.532451713737442600e-01
3.157300616857742170e+02 2.900101168164802187e-05 4.245606168993593665e-01
3.204424506661588907e+02 2.895659327387721139e-05 4.345077630907875910e-01
3.251548396465435644e+02 2.523294705386190914e-05 3.879582698732073620e-01
3.298672286269282949e+02 2.374662304757910463e-05 3.739674571260659941e-01
3.345796176073129686e+02 2.204037115849248583e-05 3.554005027706428343e-01
3.392920065876976423e+02 2.071823560973500692e-05 3.419601360810789470e-01
3.440043955680823728e+02 1.922005374814397225e-05 3.246095188576744728e-01
3.487167845484670465e+02 1.790707049637940105e-05 3.093707825102641196e-01
3.534291735288517202e+02 1.620257188386573825e-05 2.862560112768886000e-01
3.581415625092363939e+02 1.591050476534052989e-05 2.873702669195512538e-01
3.628539514896211244e+02 1.468935654080926102e-05 2.711580697549259011e-01
3.675663404700057981e+02 1.365193706360808324e-05 2.574861270403706603e-01
3.722787294503904718e+02 1.210953309085448199e-05 2.332962564635513714e-01
3.769911184307751455e+02 1.222377791475955551e-05 2.404864706880481817e-01
3.817035074111598760e+02 1.107640468314845914e-05 2.224721911758504589e-01
3.864158963915445497e+02 1.031630080650002343e-05 2.114863314886820667e-01
3.911282853719292234e+02 9.429208244534679505e-06 1.972455742842327830e-01
3.958406743523139539e+02 9.277665054640609951e-06 1.979882357780277102e-01
4.005530633326986276e+02 8.541791586304199046e-06 1.859155574678481859e-01
4.052654523130833013e+02 7.998121843177833994e-06 1.775091131375175491e-01
4.099778412934679750e+02 7.626513860664098861e-06 1.725546648461495081e-01
4.146902302738527055e+02 7.193462445056291126e-06 1.658864782110044123e-01
4.194026192542373792e+02 6.849264637822127798e-06 1.609518021872959337e-01
4.241150082346220529e+02 6.283564915820598916e-06 1.504338284366332212e-01
4.288273972150067834e+02 5.843536560116938506e-06 1.424994885706559744e-01
4.335397861953914571e+02 5.764473397530169345e-06 1.431554559254265280e-01
4.382521751757761308e+02 5.474525875835446177e-06 1.384267364268282896e-01
4.429645641561608045e+02 5.078900041139182151e-06 1.307328235326993826e-01
4.476769531365455350e+02 4.704852372199240011e-06 1.232595456441247378e-01
4.523893421169302087e+02 4.706442530454458867e-06 1.254719655209374785e-01
4.571017310973148824e+02 4.426684404964406381e-06 1.200696756026611717e-01
4.618141200776996129e+02 4.160763730119781868e-06 1.148026026878364442e-01
4.665265090580842866e+02 3.927126320000300517e-06 1.102051986143860601e-01
4.712388980384689603e+02 3.941337194309647180e-06 1.124722745405869612e-01
4.759512870188536340e+02 3.671631686046779602e-06 1.065278801901542727e-01
4.806636759992383645e+02 3.473276942514745583e-06 1.024412617873194514e-01
4.853760649796230382e+02 3.358375425144348398e-06 1.006761279576270651e-01
4.900884539600077119e+02 3.314553761754917137e-06 1.009754628844107133e-01
4.948008429403924424e+02 3.081510717769276034e-06 9.538521595229591810e-02
4.995132319207771161e+02 2.971341954502487656e-06 9.343959845997125424e-02
5.042256209011617898e+02 2.782923071961557318e-06 8.889473720752338881e-02
5.089380098815464635e+02 2.838999234721861196e-06 9.210292460438497530e-02
5.136503988619311940e+02 2.669932458274208125e-06 8.795887334588577133e-02
5.183627878423158108e+02 2.547194011201014390e-06 8.520237872923404343e-02
5.230751768227005414e+02 2.415498495616099728e-06 8.202513532727896683e-02
5.277875658030852719e+02 2.434854590792086339e-06 8.392762902121873869e-02
5.324999547834698888e+02 2.322174734883484178e-06 8.123830516884747444e-02
5.372123437638546193e+02 2.175266811198025869e-06 7.722463047660084456e-02
5.419247327442393498e+02 2.133008179483963576e-06 7.683471316980006183e-02
5.466371217246239667e+02 2.118897945268890832e-06 7.743582115663925902e-02
5.513495107050086972e+02 2.026945527802265246e-06 7.514274686282333693e-02
5.560618996853934277e+02 1.937751148293587687e-06 7.286236013731682559e-02
5.607742886657780446e+02 1.877629844314342055e-06 7.160172218124767618e-02
5.654866776461627751e+02 1.849013017680249933e-06 7.150075018100532365e-02
5.701990666265475056e+02 1.809426479702348083e-06 7.094445308752010682e-02
5.749114556069321225e+02 1.722741474356628538e-06 6.847862740440446849e-02
5.796238445873168530e+02 1.641658328499514302e-06 6.614949193885985568e-02
5.843362335677014698e+02 1.670744911751252491e-06 6.823620134566296680e-02
5.890486225480862004e+02 1.561781245123626433e-06 6.464557129741771435e-02
5.937610115284709309e+02 1.505178305526548689e-06 6.313556600308070643e-02
5.984734005088555477e+02 1.484873533459324989e-06 6.310990904318446171e-02
6.031857894892402783e+02 1.447432903683637255e-06 6.232806008012396759e-02
6.078981784696250088e+02 1.420093880571572326e-06 6.194911779581331601e-02
6.126105674500096256e+02 1.368156120279116783e-06 6.045651809127139398e-02
6.173229564303943562e+02 1.299912112513866867e-06 5.817923898956774836e-02
6.220353454107790867e+02 1.310505683079130834e-06 5.940149111122920711e-02
6.267477343911637035e+02 1.244022565347023131e-06 5.710176678624387381e-02
6.314601233715484341e+02 1.199465966180083133e-06 5.574823814654248505e-02
6.361725123519330509e+02 1.161236813456859311e-06 5.464439589325862517e-02
6.408849013323177815e+02 1.156733093078825050e-06 5.510612767181770344e-02
6.455972903127025120e+02 1.117087688872658536e-06 5.387121414770187910e-02
6.503096792930871288e+02 1.070347655793132763e-06 5.224666323110489785e-02
6.550220682734718594e+02 1.037570901267882883e-06 5.125989002631053948e-02
6.597344572538565899e+02 1.039414687080830418e-06 5.196817450507966452e-02
6.644468462342412067e+02 9.951082711743838044e-07 5.034666911798618000e-02
6.691592352146259373e+02 9.639037815007642369e-07 4.934571857950550977e-02
6.738716241950106678e+02 9.198982753309231343e-07 4.764694792156396602e-02
6.785840131753952846e+02 9.165492749656311638e-07 4.802807623047005564e-02
6.832964021557800152e+02 8.933008932557787991e-07 4.735287203939916173e-02
6.880087911361647457e+02 8.552315700562875032e-07 4.585714752727713950e-02
6.927211801165493625e+02 8.037626708239401188e-07 4.359050929720338641e-02
6.974335690969340931e+02 8.230698117932099065e-07 4.514483655520755423e-02
7.021459580773187099e+02 7.968078350151665294e-07 4.419765858678389309e-02
7.068583470577034404e+02 7.721757831567592483e-07 4.331152696690076381e-02
7.115707360380881710e+02 7.376727171851231499e-07 4.183699852649741535e-02
7.162831250184727878e+02 7.357044950910161291e-07 4.218693194688783593e-02
7.209955139988575183e+02 7.074718025897323894e-07 4.101380598421578566e-02
7.257079029792422489e+02 6.941504258378701801e-07 4.068084969561186481e-02
7.304202919596268657e+02 6.640458477141915956e-07 3.933864969306623965e-02
7.351326809400115962e+02 6.650205888672383068e-07 3.982092169596285203e-02
7.398450699203963268e+02 6.400772690273405736e-07 3.873768928556024782e-02
7.445574589007809436e+02 6.198213069793563021e-07 3.791085094106028119e-02
7.492698478811656742e+02 5.999110174070791770e-07 3.708092830438337872e-02
7.539822368615502910e+02 6.001115238747143652e-07 3.748295520409481579e-02
7.586946258419350215e+02 5.873496344499935830e-07 3.706878764576497509e-02
7.634070148223197521e+02 5.698973505705752205e-07 3.634044282777862400e-02
7.681194038027043689e+02 5.414452696141896369e-07 3.488208671622920060e-02
7.728317927830890994e+02 5.558511125164619827e-07 3.617707461015570031e-02
7.775441817634738300e+02 5.369885298245673080e-07 3.530531866604913471e-02
7.822565707438584468e+02 5.224017502800610294e-07 3.469391602799874047e-02
7.869689597242431773e+02 5.154101500773801083e-07 3.457394778553648379e-02
7.916813487046279079e+02 5.085246081247739782e-07 3.445318130768005443e-02
7.963937376850125247e+02 4.967644034677824088e-07 3.399096769364454845e-02
8.011061266653972552e+02 4.833421821408728152e-07 3.339935810902650709e-02
8.058185156457819858e+02 4.665682990963201385e-07 3.255696887241321669e-02
8.105309046261666026e+02 4.521389607052259835e-07 3.185819964050008030e-02
8.152432936065513331e+02 4.202448483674371948e-07 2.989838911461171339e-02
8.199556825869359500e+02 4.006467010438316007e-07 2.877921019295185193e-02
8.246680715673206805e+02 3.696891190353236602e-07 2.681031823362513278e-02
8.293804605477054110e+02 3.641137902279979030e-07 2.665795272156777640e-02
8.340928495280900279e+02 3.388356498515628544e-07 2.504261985059142229e-02
8.388052385084747584e+02 3.221917475399406621e-07 2.403714975460122596e-02
8.435176274888594889e+02 3.046263768998218189e-07 2.293987830935450417e-02
8.482300164692441058e+02 2.961613735206401605e-07 2.251046555160717694e-02
8.529424054496288363e+02 2.796583504083137684e-07 2.145329325108966123e-02
8.576547944300135669e+02 2.664972735873094763e-07 2.063226797619254274e-02
8.623671834103981837e+02 2.530783119199439035e-07 1.977312437403223183e-02
8.670795723907829142e+02 2.458991274007288071e-07 1.938750452567266844e-02
8.717919613711676448e+02 2.326909837696252996e-07 1.851261016643370588e-02
8.765043503515522616e+02 2.246105820991388714e-07 1.803102186319288300e-02
8.812167393319369921e+02 2.097414914093277780e-07 1.698852142757592901e-02
8.859291283123216090e+02 2.056147993489701535e-07 1.680296819271682313e-02
8.906415172927063395e+02 1.944731302530331917e-07 1.603360442193457400e-02
8.953539062730910700e+02 1.860038787429761507e-07 1.547081603205256554e-02
9.000662952534756869e+02 1.781664013481419308e-07 1.494915482329024249e-02
9.047786842338604174e+02 1.731656677897408166e-07 1.465657156049978566e-02
9.094910732142451479e+02 1.647862025507107482e-07 1.406862262283019652e-02
9.142034621946297648e+02 1.598720600916030363e-07 1.376714883023296906e-02
9.189158511750144953e+02 1.487326738693889699e-07 1.291811929501185223e-02
9.236282401553992258e+02 1.470265717923379809e-07 1.287926767615205949e-02
9.283406291357838427e+02 1.402897413400651013e-07 1.239381029433037594e-02
9.330530181161685732e+02 1.333024806743561545e-07 1.187632575850792842e-02
9.377654070965531901e+02 1.281114595869124103e-07 1.151007957435886374e-02
9.424777960769379206e+02 1.246676087225861213e-07 1.129463432963075976e-02
9.471901850573226511e+02 1.187057410350491955e-07 1.084427124938134972e-02
9.519025740377072680e+02 1.137835580071200329e-07 1.048094266785078513e-02
9.566149630180919985e+02 1.088732527758045827e-07 1.011152083762188042e-02
9.613273519984767290e+02 1.072898398159111186e-07 1.004640685808439599e-02
9.660397409788613459e+02 1.016511450305983221e-07 9.596302502724080377e-03
9.707521299592460764e+02 9.639887775521467403e-08 9.174573794562605050e-03
9.754645189396308069e+02 9.220466301566257149e-08 8.846510832196950377e-03
9.801769079200154238e+02 9.096639547135129507e-08 8.798090616834905800e-03
9.848892969004001543e+02 8.557595764156251491e-08 8.343164328208948002e-03
9.896016858807848848e+02 8.178808751992348942e-08 8.037557580266630614e-03
9.943140748611695017e+02 7.853178679852859416e-08 7.778898843042160623e-03
9.990264638415542322e+02 7.719623899040091172e-08 7.707102409181284738e-03
1.003738852821938849e+03 7.264479814256658511e-08 7.309804242444263057e-03
1.008451241802323580e+03 7.118248182563216308e-08 7.218793762475388641e-03
1.013163630782708310e+03 6.660907905870779381e-08 6.807684420419579836e-03
1.017876019763092927e+03 6.521420639716284043e-08 6.716871168363090956e-03
1.022588408743477657e+03 6.228349045820161912e-08 6.464590987337258919e-03
1.027300797723862388e+03 5.922001137299646115e-08 6.193904838896800193e-03
1.032013186704247119e+03 5.618481209231420618e-08 5.921444689825869703e-03
1.036725575684631622e+03 5.472401033679923639e-08 5.811446854452368728e-03
1.041437964665016352e+03 5.217432441954059883e-08 5.582719960152289149e-03
1.046150353645401083e+03 4.975804987614985074e-08 5.364388153461271784e-03
1.050862742625785813e+03 4.718516962845922487e-08 5.125255401206088753e-03
1.055575131606170544e+03 4.593933479507429113e-08 5.027282446438986578e-03
1.060287520586555274e+03 4.359865524102934434e-08 4.806687011250105473e-03
1.064999909566939778e+03 4.093840250867671100e-08 4.546880180892356321e-03
1.069712298547324508e+03 3.874068051120681666e-08 4.334565401068136460e-03
1.074424687527709239e+03 3.792366046209710396e-08 4.274351311138635708e-03
1.079137076508093969e+03 3.528151071596612016e-08 4.005667188458838894e-03
1.083849465488478700e+03 3.335035289020616089e-08 3.814011925302887660e-03
1.088561854468863203e+03 3.195591217523089072e-08 3.681061485793351955e-03
1.093274243449247933e+03 3.070542241274776477e-08 3.562571621100462781e-03
1.097986632429632664e+03 2.849691210642460969e-08 3.330117500602777173e-03
1.102699021410017394e+03 2.689596038170112245e-08 3.165546554947920935e-03
1.107411410390402125e+03 2.447805936058473624e-08 2.901518253120861576e-03
1.112123799370786855e+03 2.363058200798837508e-08 2.820955981260234082e-03
1.116836188351171359e+03 2.168707869230703288e-08 2.607255055631516483e-03
1.121548577331556089e+03 2.030282016930680376e-08 2.458026246505071438e-03
1.126260966311940820e+03 1.807467413721576076e-08 2.203614040091744167e-03
1.130973355292325550e+03 1.695138780342997580e-08 2.081098080341014199e-03
1.135685744272710281e+03 1.560171322907834751e-08 1.928720285308095812e-03
1.140398133253095011e+03 1.398868769675349652e-08 1.741290126019333796e-03
1.145110522233479514e+03 1.261535117320516679e-08 1.581169226795630343e-03
1.149822911213864245e+03 1.219076511544456980e-08 1.538447075010766990e-03
1.154535300194248975e+03 1.110026507557525598e-08 1.410409994346486498e-03
1.159247689174633706e+03 1.010267566939001473e-08 1.292399582220764937e-03
1.163960078155018437e+03 9.385626994404676393e-09 1.208815718914272100e-03
1.168672467135402940e+03 9.065381646304413952e-09 1.175458894632731713e-03
1.173384856115787670e+03 8.379938845101683699e-09 1.093893346201421993e-03
1.178097245096172401e+03 7.563912931494060875e-09 9.939894045630597291e-04
1.182809634076557131e+03 7.245477948858585729e-09 9.584992875994713911e-04
1.187522023056941862e+03 6.726594094160765065e-09 8.957730850021788970e-04
1.192234412037326592e+03 6.229774530796221519e-09 8.351062815858469350e-04
1.196946801017711095e+03 5.772577391338442017e-09 7.789229704451627401e-04
1.201659189998095826e+03 5.470678788219593986e-09 7.430363656420230396e-04
1.206371578978480557e+03 4.855123697841714578e-09 6.637463222060695483e-04
1.211083967958865287e+03 4.693851492122697341e-09 6.458818839559322738e-04
1.215796356939250018e+03 4.318142559301407064e-09 5.980420280416829260e-04
1.220508745919634521e+03 4.048920168370452793e-09 5.643831515616188396e-04
1.225221134900019251e+03 3.623603719470531001e-09 5.083523430862435522e-04
1.229933523880403982e+03 3.504130711213728766e-09 4.947468407720463949e-04
1.234645912860788712e+03 3.212947197907592968e-09 4.565352264000919710e-04
1.239358301841173443e+03 2.804527132078119099e-09 4.010400812857029635e-04
1.244070690821558173e+03 2.888956939075573901e-09 4.157345957887369908e-04
1.248783079801942677e+03 2.549742085758240081e-09 3.692393081743821108e-04
1.253495468782327407e+03 2.275667821227390103e-09 3.316246585072921875e-04
1.258207857762712138e+03 2.179380886448464068e-09 3.195855439069090922e-04
1.262920246743096868e+03 1.995581815008168583e-09 2.944621061172769672e-04
1.267632635723481599e+03 1.812093854509985447e-09 2.690520923332291548e-04
1.272345024703866102e+03 1.574308295613333196e-09 2.351967287849185515e-04
1.277057413684250832e+03 1.557711539119905290e-09 2.341555241866505441e-04
1.281769802664635563e+03 1.375478534011975646e-09 2.080353845819034558e-04
1.286482191645020293e+03 1.142462372118694940e-09 1.738527386847644270e-04
1.291194580625405024e+03 1.190634879025882825e-09 1.822908031761585478e-04
1.295906969605789754e+03 9.913289709784923062e-10 1.527006342714954583e-04
1.300619358586174258e+03 8.326199603592140304e-10 1.290319243717835088e-04
1.305331747566558988e+03 7.824598210115248734e-10 1.219916804965064257e-04
1.310044136546943719e+03 7.976700235420086654e-10 1.251122451674811830e-04
1.314756525527328449e+03 5.348959437515013670e-10 8.440046957900734304e-05
1.319468914507713180e+03 4.757335242111231819e-10 7.551426999611217394e-05
1.324181303488097910e+03 5.990640975928251749e-10 9.565750419879081408e-05
1.328893692468482413e+03 3.595767137837576337e-10 5.775753178847770395e-05
1.333606081448867144e+03 2.576283243496513210e-10 4.162678669554738725e-05
1.338318470429251875e+03 3.902706579010185261e-10 6.343053194481578600e-05
1.343030859409636605e+03 2.126209000671224635e-10 3.476022710241610233e-05
1.347743248390021336e+03 1.553404913083880890e-10 2.554445350451894307e-05
1.352455637370405839e+03 2.052034717472005902e-10 3.394087895865384322e-05
1.357168026350790569e+03 1.251366638061548314e-10 2.081807672740427587e-05
1.361880415331175300e+03 7.172064822295486130e-11 1.200077141646369888e-05
1.366592804311560030e+03 7.137718031330418634e-11 1.201225667857534452e-05
1.371305193291944761e+03 4.889375876183372859e-11 8.275805844726573057e-06
1.376017582272329491e+03 1.896564989707956737e-11 3.228551372677227924e-06
1.380729971252713995e+03 1.400802656169398002e-11 2.398233932033688642e-06
1.385442360233098725e+03 1.023535401831972724e-11 1.762315410112680839e-06
