0.000000000000000000e+00 2.122113907002631440e-06 0.000000000000000000e+00
3.141592653589793116e+00 0.000000000000000000e+00 0.000000000000000000e+00
6.283185307179586232e+00 5.735380593163577623e-02 1.227049331195344983e+00
9.424777960769379348e+00 7.662122244948000628e-03 3.222064937837775256e-01
1.256637061435917246e+01 2.641498624740802950e-02 1.794183378256674288e+00
1.570796326794896558e+01 4.221558549506466626e-03 4.159163042021993828e-01
1.884955592153875870e+01 1.395114219338363000e-02 1.862565854420182632e+00
2.199114857512855181e+01 7.605873965966196762e-03 1.312891930844574118e+00
2.513274122871834493e+01 8.591414704105453104e-03 1.852668776231463532e+00
2.827433388230813804e+01 4.023870278908324959e-03 1.055920630294335583e+00
3.141592653589793116e+01 8.203651151464460070e-03 2.566001891418649983e+00
3.455751918948772072e+01 3.824394684155012214e-03 1.402168809651429315e+00
3.769911184307751739e+01 4.897101437445300527e-03 2.075666763320605401e+00
4.084070449666731406e+01 2.187389069421992547e-03 1.059452310844057887e+00
4.398229715025710362e+01 4.673157247018697863e-03 2.560984257194013569e+00
4.712388980384689319e+01 2.671815493996584651e-03 1.642637312502461366e+00
5.026548245743668986e+01 3.137309046283747252e-03 2.147865393461345196e+00
5.340707511102648652e+01 2.358057679477559929e-03 1.786017654236473629e+00
5.654866776461627609e+01 3.095038808360528731e-03 2.578517373630005771e+00
5.969026041820606565e+01 1.654901963869861818e-03 1.508729541524016726e+00
6.283185307179586232e+01 2.366442817039260751e-03 2.349970778143854577e+00
6.597344572538565899e+01 1.347741556783160115e-03 1.451739071785031587e+00
6.911503837897544145e+01 1.695591284022301103e-03 1.973674051382312333e+00
7.225663103256523812e+01 1.159640505571759347e-03 1.453626698970378328e+00
7.539822368615503478e+01 1.451859180427022070e-03 1.953708138975710273e+00
7.853981633974483145e+01 9.983722730971466511e-04 1.438055498033192103e+00
8.168140899333462812e+01 1.203928614963750438e-03 1.851282821906559573e+00
8.482300164692441058e+01 7.958032961911953602e-04 1.303152160564528428e+00
8.796459430051420725e+01 9.614946612577488817e-04 1.672861747718040526e+00
9.110618695410400392e+01 5.981850788220864374e-04 1.103439924305754882e+00
9.424777960769378637e+01 7.294319430432147019e-04 1.423759572064178691e+00
9.738937226128358304e+01 6.067388611684015670e-04 1.250799665086155477e+00
1.005309649148733797e+02 6.050164315401227507e-04 1.315023724637944147e+00
1.036725575684631764e+02 4.145496562553674358e-04 9.484539443594937058e-01
1.068141502220529730e+02 5.463108202639778812e-04 1.313674546399780541e+00
1.099557428756427555e+02 3.376964963153979734e-04 8.522292119693477552e-01
1.130973355292325522e+02 4.302588445491270161e-04 1.138021400467711164e+00
1.162389281828223488e+02 2.693832381771430395e-04 7.458014620526274285e-01
1.193805208364121313e+02 3.452497060868358648e-04 9.992843818226598840e-01
1.225221134900019280e+02 2.567230516051183329e-04 7.759296234301279460e-01
1.256637061435917246e+02 2.637340245801417476e-04 8.314751398803144067e-01
1.288052987971815071e+02 2.014234961199293716e-04 6.617079393587567138e-01
1.319468914507713180e+02 2.233616722311865060e-04 7.638485481886960748e-01
1.350884841043611004e+02 1.513749712791135520e-04 5.383746728592641029e-01
1.382300767579508829e+02 1.788240747454631903e-04 6.608408816521822438e-01
1.413716694115406938e+02 1.331050933371844512e-04 5.106601695385531992e-01
1.445132620651304762e+02 1.511009145225531314e-04 6.013305479560409061e-01
1.476548547187202871e+02 1.144909861077095638e-04 4.722632813587988032e-01
1.507964473723100696e+02 1.198849308324982177e-04 5.121727251471277498e-01
1.539380400258998520e+02 9.407016567123694121e-05 4.159379018620613655e-01
1.570796326794896629e+02 1.022240336652588698e-04 4.674689921928014136e-01
1.602212253330794454e+02 7.752778366881886191e-05 3.664297981690848860e-01
1.633628179866692562e+02 8.624408148567871512e-05 4.210348017844475210e-01
1.665044106402590387e+02 6.298546969570516187e-05 3.174070797814345091e-01
1.696460032938488212e+02 6.688397082696988423e-05 3.477187445904751373e-01
1.727875959474386320e+02 5.690631997428761252e-05 3.050338983988750141e-01
1.759291886010284145e+02 5.558224559408337723e-05 3.070194728557468777e-01
1.790707812546181970e+02 4.008402224569345779e-05 2.280407750713950021e-01
1.822123739082080078e+02 4.886704542188865380e-05 2.861843355861122817e-01
1.853539665617977903e+02 3.717191033526199970e-05 2.239845287696772547e-01
1.884955592153875727e+02 3.810336187198338533e-05 2.361194885129028476e-01
1.916371518689773836e+02 2.957232980546602586e-05 1.883728841276323673e-01
1.947787445225671661e+02 3.364194637162186142e-05 2.201829660966129476e-01
1.979203371761569770e+02 2.585962777808913698e-05 1.738226258464105334e-01
2.010619298297467594e+02 2.673580088095547743e-05 1.844914634644037321e-01
2.042035224833365419e+02 2.265469785078784117e-05 1.604219002996344345e-01
2.073451151369263528e+02 2.426559106431289991e-05 1.762573439731278113e-01
2.104867077905161352e+02 1.942319651515738801e-05 1.446644532021710283e-01
2.136283004441059461e+02 2.043939116844664859e-05 1.560387985019755230e-01
2.167698930976957286e+02 1.565869007420053917e-05 1.224861641158726255e-01
2.199114857512855110e+02 1.719026209033536225e-05 1.377301496491837585e-01
2.230530784048753219e+02 1.462071937505071284e-05 1.199450814936329351e-01
2.261946710584651044e+02 1.516694842928984178e-05 1.273607160075135025e-01
2.293362637120548868e+02 1.225966341351051000e-05 1.053415655101188619e-01
2.324778563656446977e+02 1.284274915487557890e-05 1.128826823475642671e-01
2.356194490192344801e+02 1.077753803176566880e-05 9.687345538225083930e-02
2.387610416728242626e+02 1.187336625796604658e-05 1.091054151948187001e-01
2.419026343264140735e+02 9.398045869532690452e-06 8.826161912627832062e-02
2.450442269800038559e+02 1.011143759956082390e-05 9.702575518606125493e-02
2.481858196335936668e+02 8.853527960651307152e-06 8.677833300525869542e-02
2.513274122871834493e+02 9.152033693449904023e-06 9.160461978357992141e-02
2.544690049407732317e+02 7.799507729311555671e-06 7.970006557999975705e-02
2.576105975943630142e+02 8.724315393605537808e-06 9.099221405012335173e-02
2.607521902479528535e+02 6.822949961048330646e-06 7.261373813006577471e-02
2.638937829015426360e+02 7.696281866002008717e-06 8.355957633881153090e-02
2.670353755551324184e+02 6.292271281757517014e-06 6.967689178289761254e-02
2.701769682087222009e+02 7.090151494732288693e-06 8.005762855025663760e-02
2.733185608623119833e+02 5.814425560690005050e-06 6.693018473082965047e-02
2.764601535159017658e+02 6.252579759108658255e-06 7.335788728629791255e-02
2.796017461694916051e+02 5.378710801903629532e-06 6.430498772814860486e-02
2.827433388230813875e+02 5.846026354124070111e-06 7.120569653444663860e-02
2.858849314766711700e+02 4.830998719532463657e-06 5.993617596555532445e-02
2.890265241302609525e+02 5.265926927645405868e-06 6.653308507772516533e-02
2.921681167838507349e+02 4.550112308711332372e-06 5.853426261869285052e-02
2.953097094374405742e+02 4.871647013598599291e-06 6.379774917120357991e-02
2.984513020910303567e+02 4.267852029844614442e-06 5.688509446389851398e-02
3.015928947446201391e+02 4.533973824614762155e-06 6.149609204535798346e-02
3.047344873982099216e+02 3.961294323158571697e-06 5.466463548759657037e-02
3.078760800517997041e+02 4.324044335848263701e-06 6.069925847172091132e-02
3.110176727053895434e+02 3.646979118740542523e-06 5.206849867141213201e-02
3.141592653589793258e+02 4.051869099322586508e-06 5.882634437033081032e-02
3.173008580125691083e+02 3.270204748548231393e-06 4.827182172875164878e-02
3.204424506661588907e+02 3.676148621768733989e-06 5.516239770770997586e-02
3.235840433197486732e+02 3.253261365164058613e-06 4.961703230172911927e-02
3.267256359733385125e+02 3.379437966699073303e-06 5.237811106545679080e-02
3.298672286269282949e+02 2.898794947085174752e-06 4.565091099139875069e-02
3.330088212805180774e+02 3.217024730062264117e-06 5.146918555315718735e-02
3.361504139341078599e+02 2.746925368257359976e-06 4.464124287319592987e-02
3.392920065876976423e+02 2.883903356490523060e-06 4.759961238044792958e-02
3.424335992412874248e+02 2.498912071437670999e-06 4.188368898976254501e-02
3.455751918948772641e+02 2.778229058297320093e-06 4.727943875726750567e-02
3.487167845484670465e+02 2.391370775901230414e-06 4.131442093570381058e-02
3.518583772020568290e+02 2.462620834935375856e-06 4.318610553911706590e-02
3.549999698556466114e+02 2.247698515690845898e-06 4.000539710970067719e-02
3.581415625092363939e+02 2.414561091249600840e-06 4.361100263754642131e-02
3.612831551628262332e+02 2.016636570473747840e-06 3.695788930411736395e-02
3.644247478164160157e+02 2.251909094409701944e-06 4.186945340911089886e-02
3.675663404700057981e+02 1.940187692929157771e-06 3.659344549100115168e-02
3.707079331235955806e+02 2.037569797096380708e-06 3.897914371963323577e-02
3.738495257771853630e+02 1.827815143836744331e-06 3.546176341324275283e-02
3.769911184307751455e+02 2.009410733778688033e-06 3.953246687717029001e-02
3.801327110843649848e+02 1.730962611767685685e-06 3.452866275186841638e-02
3.832743037379547673e+02 1.864825534436864445e-06 3.771270750750165685e-02
3.864158963915445497e+02 1.632859157701434585e-06 3.347395540098969252e-02
3.895574890451343322e+02 1.805134914481375921e-06 3.750843373531124320e-02
3.926990816987241146e+02 1.491740298199930386e-06 3.141422607518438298e-02
3.958406743523139539e+02 1.681606161147678426e-06 3.588599449950585774e-02
3.989822670059037364e+02 1.551318309941286013e-06 3.354467391626123063e-02
4.021238596594935188e+02 1.496790128549457130e-06 3.279145199616573247e-02
4.052654523130833013e+02 1.381183036654101803e-06 3.065376856270051603e-02
4.084070449666730838e+02 1.398178861808896230e-06 3.143292336332391412e-02
4.115486376202629231e+02 1.200137774335593789e-06 2.732748844227789187e-02
4.146902302738527055e+02 1.153222483596648056e-06 2.659414959885826255e-02
4.178318229274424880e+02 1.028770486183489871e-06 2.402449971076890678e-02
4.209734155810322704e+02 1.067010006451312064e-06 2.523052441331696816e-02
4.241150082346220529e+02 9.029540165767744117e-07 2.161747852303998532e-02
4.272566008882118922e+02 9.126111230895059332e-07 2.211908000691898205e-02
4.303981935418016747e+02 8.252232858061892621e-07 2.024676026843537022e-02
4.335397861953914571e+02 8.264299308701931377e-07 2.052363596557339048e-02
4.366813788489812396e+02 7.037716817946590121e-07 1.768912059454845476e-02
4.398229715025710220e+02 7.181602081965346527e-07 1.826772725157545935e-02
4.429645641561608045e+02 6.341728340789846878e-07 1.632385054545864092e-02
4.461061568097506438e+02 6.305003910907517221e-07 1.642160955831752783e-02
4.492477494633404262e+02 5.806199569044659828e-07 1.530036563944083688e-02
4.523893421169302087e+02 5.752280629078405500e-07 1.533536109467354726e-02
4.555309347705199912e+02 5.060334474240250070e-07 1.364716204490869743e-02
4.586725274241097736e+02 5.084333519081700252e-07 1.386985472420507529e-02
4.618141200776996129e+02 4.769136502992305938e-07 1.315886502167046800e-02
4.649557127312893954e+02 4.640056095099529471e-07 1.294819439766264728e-02
4.680973053848791778e+02 4.031380301567210496e-07 1.137663971166308526e-02
4.712388980384689603e+02 4.174139749313145185e-07 1.191156627079091417e-02
4.743804906920587428e+02 3.832576163017709324e-07 1.105865121427285908e-02
4.775220833456485252e+02 3.646029141867747402e-07 1.063675697183649564e-02
4.806636759992383645e+02 3.284483236388999695e-07 9.687295675632963052e-03
4.838052686528281470e+02 3.401248759006151991e-07 1.014120088252549144e-02
4.869468613064179294e+02 2.965192038525617215e-07 8.936938654247539998e-03
4.900884539600077119e+02 2.947405569065897490e-07 8.979056097341561044e-03
4.932300466135974943e+02 2.778871005120645808e-07 8.556265702863448397e-03
4.963716392671873336e+02 2.658754249076484973e-07 8.273510004437122090e-03
4.995132319207771161e+02 2.408009580095120939e-07 7.572452167980981905e-03
5.026548245743668986e+02 2.388128136842787882e-07 7.588816491162158652e-03
5.057964172279566810e+02 2.170464957698864230e-07 6.969137391322816413e-03
5.089380098815464635e+02 2.204249821087782783e-07 7.151035921317073878e-03
5.120796025351362459e+02 1.888846405761942464e-07 6.190975793114672499e-03
5.152211951887260284e+02 1.986055579353822220e-07 6.576289638845151178e-03
5.183627878423158108e+02 1.729981043617505979e-07 5.786700951106398157e-03
5.215043804959057070e+02 1.676378141330004473e-07 5.664156667871371106e-03
5.246459731494954895e+02 1.543020859944427973e-07 5.266018377137286592e-03
5.277875658030852719e+02 1.557717325469533219e-07 5.369335906396047013e-03
5.309291584566750544e+02 1.334841801033774832e-07 4.646836875847836640e-03
5.340707511102648368e+02 1.337696897020176471e-07 4.702791339913693983e-03
5.372123437638546193e+02 1.198555417943813137e-07 4.255018224889048524e-03
5.403539364174444017e+02 1.186114434024047413e-07 4.251972597121227160e-03
5.434955290710341842e+02 9.714315096190463056e-08 3.516188473818875147e-03
5.466371217246239667e+02 1.053529751102515744e-07 3.850159068384029909e-03
5.497787143782137491e+02 9.207804398528253768e-08 3.397316074218796091e-03
5.529203070318035316e+02 8.357912084954896139e-08 3.113164236924570102e-03
5.560618996853934277e+02 7.139336554480879580e-08 2.684498015300791022e-03
5.592034923389832102e+02 7.334774517090319495e-08 2.784004240683527007e-03
5.623450849925729926e+02 6.077576511821600333e-08 2.328459067409196018e-03
5.654866776461627751e+02 5.944151008969526335e-08 2.298584446223720951e-03
5.686282702997525575e+02 4.797328791610423339e-08 1.872320663797835943e-03
5.717698629533423400e+02 4.641045540429912193e-08 1.828035383814965911e-03
5.749114556069321225e+02 3.826856441069563412e-08 1.521167744893443937e-03
5.780530482605219049e+02 3.763252326993011742e-08 1.509533764975149166e-03
5.811946409141116874e+02 3.042708771338093176e-08 1.231581211739501839e-03
5.843362335677014698e+02 3.256333050024840527e-08 1.329944482171877300e-03
5.874778262212913660e+02 2.657639275837977090e-08 1.095170739931137106e-03
5.906194188748811484e+02 2.662610837737624742e-08 1.107016001950273873e-03
5.937610115284709309e+02 2.198925830463700628e-08 9.223520322833360331e-04
5.969026041820607134e+02 2.122898313986536474e-08 8.983280933157319816e-04
6.000441968356504958e+02 1.835919161748591723e-08 7.837164355056017986e-04
6.031857894892402783e+02 1.721387447417433521e-08 7.412484542168136991e-04
6.063273821428300607e+02 1.476193720064258030e-08 6.411928284890211580e-04
6.094689747964198432e+02 1.602024505269333652e-08 7.018675427876523969e-04
6.126105674500096256e+02 1.298915923376458368e-08 5.739691023318954730e-04
6.157521601035994081e+02 1.202950142145618901e-08 5.361144765992642558e-04
6.188937527571891906e+02 9.888026177143154084e-09 4.444297323802471429e-04
6.220353454107790867e+02 9.869973320557810374e-09 4.473777870933374969e-04
6.251769380643688692e+02 8.164382715478884308e-09 3.731885150501401162e-04
6.283185307179586516e+02 7.792753136539525401e-09 3.591898307208098422e-04
6.314601233715484341e+02 6.712517509170614300e-09 3.119813610517207679e-04
6.346017160251382165e+02 6.589163884768239564e-09 3.087917672094915122e-04
6.377433086787279990e+02 5.661271464625522562e-09 2.675000276989664898e-04
6.408849013323177815e+02 4.927468795733101901e-09 2.347419004273811288e-04
6.440264939859075639e+02 4.062720148849873036e-09 1.951295894919927577e-04
6.471680866394973464e+02 3.194143219231199486e-09 1.546617335072081269e-04
6.503096792930871288e+02 2.965099628720647964e-09 1.447348073403757188e-04
6.534512719466770250e+02 1.822596406861080593e-09 8.968349458206722428e-05
6.565928646002668074e+02 2.397657492238096748e-09 1.189270761553902570e-04
6.597344572538565899e+02 2.213832415447795155e-09 1.106861685917722875e-04
6.628760499074463723e+02 1.772890340970423408e-09 8.934476013739687833e-05
6.660176425610361548e+02 1.571138829250237055e-09 7.980390040977040629e-05
6.691592352146259373e+02 1.096976954786009463e-09 5.615821530940891276e-05
6.723008278682157197e+02 9.583212576372571015e-10 4.944440995277359449e-05
6.754424205218055022e+02 3.553173253150053126e-10 1.847553140094853539e-05
6.785840131753952846e+02 2.692101720149291262e-10 1.410687566583456008e-05
6.817256058289850671e+02 3.800272943274448031e-10 2.006769386597078640e-05
6.848671984825748495e+02 3.063679745199722773e-10 1.630249125235227784e-05
6.880087911361647457e+02 1.247217756926597003e-10 6.687527762130950914e-06
6.911503837897545282e+02 3.589785729019231409e-11 1.939498505312869618e-06
