6.346017160251381739e+00 4.276603441945857342e-02 9.302529402863375374e-01
1.269203432050276348e+01 1.174699887599544093e-02 8.112330895427568578e-01
1.903805148075414522e+01 5.209124746994339521e-03 7.070805961044061005e-01
2.538406864100552696e+01 4.587368343961699055e-03 1.005770752771477206e+00
3.173008580125690870e+01 4.027794775521143303e-03 1.280912346324402318e+00
3.807610296150829043e+01 3.215530245885428202e-03 1.385713410230718035e+00
4.442212012175967573e+01 2.736661298612738744e-03 1.524824474599618451e+00
5.076813728201105391e+01 2.342169208941543602e-03 1.630310463220980166e+00
5.711415444226243210e+01 2.110476777076349900e-03 1.787667852507637933e+00
6.346017160251381739e+01 1.669963609742166699e-03 1.686070556333457926e+00
6.980618876276520268e+01 1.653486770418478597e-03 1.956848798542880630e+00
7.615220592301658087e+01 1.497177090575419270e-03 2.048380596788787145e+00
8.249822308326795905e+01 1.227932593176946302e-03 1.919768454641741950e+00
8.884424024351935145e+01 1.226239330068883745e-03 2.169155590610900575e+00
9.519025740377072964e+01 1.117416104489703547e-03 2.217527911469777013e+00
1.015362745640221078e+02 9.898146222204707786e-04 2.187371620710647058e+00
1.078822917242734860e+02 8.657186667217560590e-04 2.116542797092071382e+00
1.142283088845248642e+02 7.394503009033770880e-04 1.988528876893634223e+00
1.205743260447762566e+02 7.391694609881103387e-04 2.175214488961705772e+00
1.269203432050276348e+02 6.481579318909086321e-04 2.077620569881156509e+00
1.332663603652790130e+02 6.030120116073770528e-04 2.096654438754458560e+00
1.396123775255304054e+02 5.148392518272517683e-04 1.934393639235268081e+00
1.459583946857817693e+02 4.854987036631886496e-04 1.964429911085696867e+00
1.523044118460331617e+02 4.174152802455722189e-04 1.813103026795746420e+00
1.586504290062845541e+02 3.924051413689365439e-04 1.824470197641478775e+00
1.649964461665359181e+02 3.346268372922644161e-04 1.660931616881732076e+00
1.713424633267873105e+02 3.133733028994322985e-04 1.656419516421702376e+00
1.776884804870387029e+02 2.958735559280773267e-04 1.661645109715714774e+00
1.840344976472900669e+02 2.527320748479714406e-04 1.504847286598256284e+00
1.903805148075414593e+02 2.260886728495093930e-04 1.424457947503693811e+00
1.967265319677928233e+02 2.044148712112416424e-04 1.360245760131205683e+00
2.030725491280442156e+02 1.892243686017250055e-04 1.327585291653508248e+00
2.094185662882956080e+02 1.648748257906530561e-04 1.217623401946120509e+00
2.157645834485469720e+02 1.462917198337296233e-04 1.135498794692817448e+00
2.221106006087983644e+02 1.397602104679354282e-04 1.138498222251772107e+00
2.284566177690497284e+02 1.236605817700073230e-04 1.055773742797341486e+00
2.348026349293011208e+02 1.094369529888429777e-04 9.779926772255644885e-01
2.411486520895525132e+02 9.845910843953016936e-05 9.198788426225447123e-01
2.474946692498038772e+02 8.783495786905586911e-05 8.569269720388119627e-01
2.538406864100552696e+02 8.233400366809881228e-05 8.378789700943763963e-01
2.601867035703066335e+02 7.265488747848012209e-05 7.704420874905477667e-01
2.665327207305580259e+02 6.763542152370179291e-05 7.466064804911186625e-01
2.728787378908094183e+02 5.861609299933477786e-05 6.729245360812607935e-01
2.792247550510608107e+02 5.291061551831178876e-05 6.311501331367204148e-01
2.855707722113122031e+02 4.904620312881696677e-05 6.073816294427893947e-01
2.919167893715635387e+02 4.369966045813150667e-05 5.613622259246511259e-01
2.982628065318149311e+02 3.977584666785322938e-05 5.296040117947728998e-01
3.046088236920663235e+02 3.490540973436872651e-05 4.813528410914386102e-01
3.109548408523177159e+02 3.283351045170706910e-05 4.686114064234339072e-01
3.173008580125691083e+02 2.867791125092054296e-05 4.233175369438127444e-01
3.236468751728204438e+02 2.613945669801997942e-05 3.987942798826797364e-01
3.299928923330718362e+02 2.351100462672686727e-05 3.704919958848538197e-01
3.363389094933232286e+02 2.153103203693014375e-05 3.502353944888111914e-01
3.426849266535746210e+02 1.943279872565415172e-05 3.261071761533983482e-01
3.490309438138260134e+02 1.792212359780672842e-05 3.100958975914450133e-01
3.553769609740774058e+02 1.622972804255109455e-05 2.893743444004280851e-01
3.617229781343287414e+02 1.461137757653754019e-05 2.683189381876424084e-01
3.680689952945801338e+02 1.345379056855344151e-05 2.543275391137939101e-01
3.744150124548315262e+02 1.219605927518679763e-05 2.372147096639592168e-01
3.807610296150829186e+02 1.119903342349541905e-05 2.240103209796203976e-01
3.871070467753343110e+02 1.027416384172824870e-05 2.112507611303114929e-01
3.934530639355856465e+02 9.319075189512173669e-06 1.968767214427986356e-01
3.997990810958370389e+02 8.746198325730535390e-06 1.897677057147546809e-01
4.061450982560884313e+02 7.928167985512648880e-06 1.765935635613075927e-01
4.124911154163398237e+02 7.299567373836914797e-06 1.668481719387258366e-01
4.188371325765912161e+02 6.821614794760783105e-06 1.599419873494804245e-01
4.251831497368425516e+02 6.232792834259359700e-06 1.498451762106999263e-01
4.315291668970939440e+02 5.844324411501584779e-06 1.440183750558048648e-01
4.378751840573453364e+02 5.412345844579745461e-06 1.366583254219289612e-01
4.442212012175967288e+02 5.092922635250515952e-06 1.317141850953876259e-01
4.505672183778481212e+02 4.639955932990632414e-06 1.228701836462512409e-01
4.569132355380994568e+02 4.420158643183281469e-06 1.198102812821112279e-01
4.632592526983508492e+02 4.169184927281431667e-06 1.156355391007405364e-01
4.696052698586022416e+02 3.898907894611357995e-06 1.106193865172432900e-01
4.759512870188536340e+02 3.674430806997305559e-06 1.066090932438460565e-01
4.822973041791050264e+02 3.442471140830915598e-06 1.021084535642486357e-01
4.886433213393564188e+02 3.345305636145061680e-06 1.014119377309032483e-01
4.949893384996077543e+02 3.093795703290252045e-06 9.582629712899290442e-02
5.013353556598591467e+02 2.884391886100430018e-06 9.125741325028258188e-02
5.076813728201105391e+02 2.815788633401030245e-06 9.097430923528035396e-02
5.140273899803619315e+02 2.660858927716618663e-06 8.776720838493660970e-02
5.203734071406132671e+02 2.550162117317043866e-06 8.585381815951233231e-02
5.267194243008647163e+02 2.385429941989530720e-06 8.194684237968653806e-02
5.330654414611160519e+02 2.325096701930907187e-06 8.148454292766350859e-02
5.394114586213675011e+02 2.181843782258936505e-06 7.798730847737005145e-02
5.457574757816188367e+02 2.121921964886903650e-06 7.733846784982466305e-02
5.521034929418701722e+02 1.996956163766905338e-06 7.419979227907230745e-02
5.584495101021216215e+02 1.922465478392878170e-06 7.280564835834579807e-02
5.647955272623729570e+02 1.881425629091207243e-06 7.260599315898541573e-02
5.711415444226244063e+02 1.754866977683623440e-06 6.899492088502860720e-02
5.774875615828757418e+02 1.730820733040223208e-06 6.931434861536613090e-02
5.838335787431270774e+02 1.629884843790909840e-06 6.647199354222695089e-02
5.901795959033785266e+02 1.573586551056280343e-06 6.534278182162915616e-02
5.965256130636298622e+02 1.523513358161689980e-06 6.440131857826859874e-02
6.028716302238813114e+02 1.454365924607240306e-06 6.257224968872054927e-02
6.092176473841326469e+02 1.389168509024662406e-06 6.081943598989978522e-02
6.155636645443839825e+02 1.343061864656685423e-06 5.982522102415752802e-02
6.219096817046354317e+02 1.294151208669691849e-06 5.864043977814212966e-02
6.282556988648867673e+02 1.219971176339091233e-06 5.622251873392310195e-02
6.346017160251382165e+02 1.216474763336403535e-06 5.700835470259491000e-02
6.409477331853895521e+02 1.141846892144220990e-06 5.440584593762069765e-02
6.472937503456408876e+02 1.101121602063291298e-06 5.333401834728736246e-02
6.536397675058923369e+02 1.067200683390453777e-06 5.253840363758423282e-02
6.599857846661436724e+02 1.023300123604128813e-06 5.119497426075708679e-02
6.663318018263951217e+02 9.836050712207696797e-07 5.000019075429100457e-02
6.726778189866464572e+02 9.454816194877069761e-07 4.882755030124511647e-02
6.790238361468977928e+02 9.162543016371296598e-07 4.806449602882293531e-02
6.853698533071492420e+02 8.709521118192565480e-07 4.640191874614835177e-02
6.917158704674005776e+02 8.473278308765504251e-07 4.584208598095761145e-02
6.980618876276520268e+02 8.077086039878679366e-07 4.436882435475995173e-02
7.044079047879033624e+02 7.851887795275264780e-07 4.378726165721391617e-02
7.107539219481548116e+02 7.591617686058425233e-07 4.297340538133069543e-02
7.170999391084061472e+02 7.280649464887252696e-07 4.182824065187638191e-02
7.234459562686574827e+02 7.040122568573628781e-07 4.104469593890774232e-02
7.297919734289089320e+02 6.797256272220246251e-07 4.020981870168873623e-02
7.361379905891602675e+02 6.562737109400698792e-07 3.938677237950322096e-02
7.424840077494117168e+02 6.327659143820298806e-07 3.852313149970580664e-02
7.488300249096630523e+02 6.118717314271994440e-07 3.778323489546509678e-02
7.551760420699143879e+02 5.919004132051079848e-07 3.706770081539496192e-02
7.615220592301658371e+02 5.832987079588810639e-07 3.704206260642797788e-02
7.678680763904171727e+02 5.592990666794289354e-07 3.601265291492869447e-02
7.742140935506686219e+02 5.431058366472018147e-07 3.545299462145266173e-02
7.805601107109199575e+02 5.339624550790412599e-07 3.533360723713426660e-02
7.869061278711712930e+02 5.221823193078368426e-07 3.502356700006435675e-02
7.932521450314227422e+02 5.027649559080466475e-07 3.417567416929972318e-02
7.995981621916740778e+02 4.922467132299675046e-07 3.390802310635687711e-02
8.059441793519255270e+02 4.699339873660136670e-07 3.280034872952322655e-02
8.122901965121768626e+02 4.367477712858280958e-07 3.088512645088664632e-02
8.186362136724281982e+02 4.058696433392229272e-07 2.907623413001802007e-02
8.249822308326796474e+02 3.737297257954949170e-07 2.712055875994855841e-02
8.313282479929309829e+02 3.536778299052899550e-07 2.599533390049767884e-02
8.376742651531824322e+02 3.247364685639900394e-07 2.417258071657921170e-02
8.440202823134337677e+02 3.080964899129071580e-07 2.322424239720907724e-02
8.503662994736851033e+02 2.868186231386338870e-07 2.189193151380664296e-02
8.567123166339365525e+02 2.700329963846983355e-07 2.086772892798869489e-02
8.630583337941878881e+02 2.551909621319659793e-07 1.996482648863127235e-02
8.694043509544393373e+02 2.386015962907264815e-07 1.889628194826696583e-02
8.757503681146906729e+02 2.243683518497413257e-07 1.798576074715746431e-02
8.820963852749420084e+02 2.087245988752934956e-07 1.693429180519838081e-02
8.884424024351934577e+02 2.011518202317784783e-07 1.651604648621122703e-02
8.947884195954447932e+02 1.887216073034651088e-07 1.568034274418661847e-02
9.011344367556962425e+02 1.784823054399569771e-07 1.500529292598532308e-02
9.074804539159475780e+02 1.685708171800873100e-07 1.433874665610524075e-02
9.138264710761989136e+02 1.585536864888444231e-07 1.364423637335239296e-02
9.201724882364503628e+02 1.497383035722574191e-07 1.303511846746238136e-02
9.265185053967016984e+02 1.431282860806380806e-07 1.260324273223702683e-02
9.328645225569531476e+02 1.345259282708386260e-07 1.198129125555241238e-02
9.392105397172044832e+02 1.282435713851817996e-07 1.155155720576225495e-02
9.455565568774559324e+02 1.204542602192332675e-07 1.097239286243593612e-02
9.519025740377072680e+02 1.147153831681372095e-07 1.056677586080183306e-02
9.582485911979586035e+02 1.074421099469217976e-07 1.000702175977283802e-02
9.645946083582100528e+02 1.039295348838262538e-07 9.786942433823794460e-03
9.709406255184613883e+02 9.595240539098779911e-08 9.135037222001976195e-03
9.772866426787128376e+02 9.304528584775111065e-08 8.954973659356716548e-03
9.836326598389641731e+02 8.704313595259452821e-08 8.468167304423594374e-03
9.899786769992155087e+02 8.259428476903302114e-08 8.121939140186244452e-03
9.963246941594669579e+02 7.858157442093500674e-08 7.810081216851730117e-03
1.002670711319718293e+03 7.336806549956312783e-08 7.369493101416202223e-03
1.009016728479969743e+03 7.095071409307184062e-08 7.202015442826524561e-03
1.015362745640221078e+03 6.597504490681042573e-08 6.767294384433098289e-03
1.021708762800472414e+03 6.257516941701358375e-08 6.485556260137846987e-03
1.028054779960723863e+03 5.878795254174007284e-08 6.156238398075924295e-03
1.034400797120975312e+03 5.567184949540588569e-08 5.890023944529722971e-03
1.040746814281226534e+03 5.270105005015814713e-08 5.632844367994437572e-03
1.047092831441477983e+03 4.937939875594278204e-08 5.331561725687643076e-03
1.053438848601729433e+03 4.650311042079015075e-08 5.071824522276143291e-03
1.059784865761980654e+03 4.341012732461989156e-08 4.782121232457944675e-03
1.066130882922232104e+03 4.141596004772840628e-08 4.608065102405189094e-03
1.072476900082483553e+03 3.795599722008727216e-08 4.265078059906556550e-03
1.078822917242735002e+03 3.577254697292992878e-08 4.059446309961065903e-03
1.085168934402986224e+03 3.306395669199824045e-08 3.788934325805765925e-03
1.091514951563237673e+03 3.084470526287237833e-08 3.569138818397351535e-03
1.097860968723489123e+03 2.864095196463682056e-08 3.346311436528999830e-03
1.104206985883740344e+03 2.574190637485800055e-08 3.036627521420469811e-03
1.110553003043991794e+03 2.408868051235292724e-08 2.868876345573412139e-03
1.116899020204243243e+03 2.170532020458908319e-08 2.609692757795243050e-03
1.123245037364494465e+03 1.944157649081210655e-08 2.359693842135885278e-03
1.129591054524745914e+03 1.713762501952886795e-08 2.099678059354033195e-03
1.135937071684997363e+03 1.540712834381780163e-08 1.905367802905241032e-03
1.142283088845248813e+03 1.347551503267601179e-08 1.682034702518032032e-03
1.148629106005500034e+03 1.213154183756099964e-08 1.528324922732295695e-03
1.154975123165751484e+03 1.091997338465599581e-08 1.388383030070428547e-03
1.161321140326002933e+03 9.824248599977749496e-09 1.260530127595814497e-03
1.167667157486254155e+03 8.977908721300263149e-09 1.162448248651444223e-03
1.174013174646505604e+03 8.208736876920376889e-09 1.072501609433163666e-03
1.180359191806757053e+03 7.447240157879998862e-09 9.817909015429880128e-04
1.186705208967008275e+03 6.749197515908889941e-09 8.977530428315518311e-04
1.193051226127259724e+03 6.208256225122154166e-09 8.331722275663952775e-04
1.199397243287511174e+03 5.519255666555477416e-09 7.472838376700942668e-04
1.205743260447762623e+03 5.017842536136042755e-09 6.853963182207117259e-04
1.212089277608013845e+03 4.522880512779329335e-09 6.232172469442787393e-04
1.218435294768265294e+03 4.209858344165452256e-09 5.851559167989937816e-04
1.224781311928516743e+03 3.646948898801826159e-09 5.113213535752024475e-04
1.231127329088767965e+03 3.357235663810415745e-09 4.747738400687675901e-04
1.237473346249019414e+03 3.056090080975471644e-09 4.359057259238690793e-04
1.243819363409270863e+03 2.773290099820877425e-09 3.989552248650264383e-04
1.250165380569522313e+03 2.514444768923323315e-09 3.647997631866407983e-04
1.256511397729773535e+03 2.176899888299692537e-09 3.185046993048588101e-04
1.262857414890024984e+03 1.973511077114839099e-09 2.911812678154557417e-04
1.269203432050276433e+03 1.735538595035933173e-09 2.582178965303666938e-04
1.275549449210527655e+03 1.538159281540712284e-09 2.307615653942849201e-04
1.281895466370779104e+03 1.296175035425554724e-09 1.960730954742017642e-04
1.288241483531030553e+03 1.190847777193356240e-09 1.816289408666521695e-04
1.294587500691281775e+03 1.061828508831213671e-09 1.632826589871495977e-04
1.300933517851533225e+03 8.877008307824941664e-10 1.376232464324571162e-04
1.307279535011784674e+03 6.846115846172323099e-10 1.070019472762829686e-04
1.313625552172036123e+03 5.957891485732591359e-10 9.387398081162545357e-05
1.319971569332287345e+03 5.839057722243152184e-10 9.274355314377198667e-05
1.326317586492538794e+03 4.532784950345298028e-10 7.257343216081647559e-05
1.332663603652790243e+03 2.958835170149512359e-10 4.775164461873968442e-05
1.339009620813041465e+03 2.424032661115004531e-10 3.943162087728602840e-05
1.345355637973292914e+03 2.481046024716584971e-10 4.067834973314104000e-05
1.351701655133544364e+03 1.749081714441783379e-10 2.890312773113075414e-05
1.358047672293795586e+03 1.252471146869722920e-10 2.085896501238628369e-05
1.364393689454047035e+03 4.221080445796483122e-11 7.084727204115969095e-06
1.370739706614298484e+03 4.938270154947076484e-11 8.352820854958138618e-06
1.377085723774549933e+03 2.473025734408015570e-11 4.215317216885154395e-06
1.383431740934801155e+03 7.676515513739794220e-12 1.318541160298046515e-06
