3.173008580125690870e+00 7.030968306696104564e-02 4.817265148223769944e-01
6.346017160251381739e+00 4.389448446809385979e-02 9.547991482749744740e-01
9.519025740377072609e+00 2.728612041177204406e-02 1.166619666373995612e+00
1.269203432050276348e+01 2.840514282458143913e-02 1.961623731792158765e+00
1.586504290062845435e+01 1.243860413294031915e-02 1.245968504341467442e+00
1.903805148075414522e+01 9.247220705743883912e-03 1.255207092650088452e+00
2.221106006087983786e+01 7.661545039817524785e-03 1.344616707163387659e+00
2.538406864100552696e+01 8.546135899657091722e-03 1.873722119654846807e+00
2.855707722113121605e+01 4.465194999934362328e-03 1.191324361895426120e+00
3.173008580125690870e+01 5.770992188953826506e-03 1.835280980624490965e+00
3.490309438138260134e+01 3.220154289455079075e-03 1.200373963594650872e+00
3.807610296150829043e+01 3.744831335802533464e-03 1.613812529897341586e+00
4.124911154163397953e+01 2.190594865759451677e-03 1.078747320770221618e+00
4.442212012175967573e+01 3.458430986765429968e-03 1.926983150968249348e+00
4.759512870188536482e+01 2.443843975924033223e-03 1.527604695783163269e+00
5.076813728201105391e+01 2.140339603814060167e-03 1.489823210732593717e+00
5.394114586213674301e+01 2.080561768544098022e-03 1.602190775246328469e+00
5.711415444226243210e+01 2.145741994668740656e-03 1.817539062883587686e+00
6.028716302238812830e+01 1.913187346474253588e-03 1.773368182834113460e+00
6.346017160251381739e+01 1.472072016307335524e-03 1.486270280992191495e+00
6.663318018263950648e+01 1.675278860556436537e-03 1.834726542172581354e+00
6.980618876276520268e+01 1.639355063906274912e-03 1.940124375097528553e+00
7.297919734289088467e+01 1.327515280695178938e-03 1.691886920373163683e+00
7.615220592301658087e+01 1.277801009749041268e-03 1.748238609449391134e+00
7.932521450314227707e+01 1.289578485688651832e-03 1.888570511918718164e+00
8.249822308326795905e+01 1.306606215277631312e-03 2.042767989600365208e+00
8.567123166339365525e+01 1.053491317060915649e-03 1.753971954609099271e+00
8.884424024351935145e+01 1.249263469306900222e-03 2.209884132847709903e+00
9.201724882364503344e+01 1.078903345945487731e-03 2.023475485430874521e+00
9.519025740377072964e+01 1.125090362035049973e-03 2.232757583065019258e+00
9.836326598389641163e+01 1.000035383960915175e-03 2.096059471085230275e+00
1.015362745640221078e+02 8.901483833623539087e-04 1.967121184389395649e+00
1.047092831441478040e+02 9.581769491036349132e-04 2.228885177398197470e+00
1.078822917242734860e+02 8.172773034696124376e-04 1.998111460892643132e+00
1.110553003043991822e+02 9.513408474856056276e-04 2.441002901937318725e+00
1.142283088845248642e+02 8.120604984539351104e-04 2.183792134491663095e+00
1.174013174646505604e+02 7.435466042113398006e-04 2.092970684837483386e+00
1.205743260447762566e+02 8.077730489688797521e-04 2.377099883917070500e+00
1.237473346249019386e+02 7.681719092770168547e-04 2.360577033945013170e+00
1.269203432050276348e+02 7.451318184578079344e-04 2.388462930299299458e+00
1.300933517851533168e+02 6.959135544208344811e-04 2.324415702995693778e+00
1.332663603652790130e+02 7.602165324721840483e-04 2.643249780337921795e+00
1.364393689454047092e+02 6.585356137443296870e-04 2.381288986919318784e+00
1.396123775255304054e+02 6.627537138115644107e-04 2.490149233622945157e+00
1.427853861056561016e+02 6.306563201791760874e-04 2.459984398860307397e+00
1.459583946857817693e+02 6.135867767840925101e-04 2.482701206546446659e+00
1.491314032659074655e+02 6.232047979870974398e-04 2.613641168613527910e+00
1.523044118460331617e+02 5.562586472185728024e-04 2.416189068018671282e+00
1.554774204261588579e+02 5.653390507704140122e-04 2.541486826194033988e+00
1.586504290062845541e+02 5.292404210211384659e-04 2.460679725479084201e+00
1.618234375864102219e+02 5.591554078092849126e-04 2.687003510183140431e+00
1.649964461665359181e+02 5.078476898610856469e-04 2.520719173261972479e+00
1.681694547466616143e+02 4.744300542271426562e-04 2.430808351284180713e+00
1.713424633267873105e+02 5.062176799409273415e-04 2.675750731966344720e+00
1.745154719069130067e+02 4.679174675896368091e-04 2.550111391070946532e+00
1.776884804870387029e+02 4.796008535604776718e-04 2.693469547944230325e+00
1.808614890671643707e+02 4.701332039038483073e-04 2.719345745709885520e+00
1.840344976472900669e+02 4.160246861489485040e-04 2.477143514473708841e+00
1.872075062274157631e+02 4.437216514062481180e-04 2.718416833403469290e+00
1.903805148075414593e+02 3.972174963527203744e-04 2.502644703230119561e+00
1.935535233876671555e+02 4.171625765895533395e-04 2.701720866368040319e+00
1.967265319677928233e+02 3.884895910342609751e-04 2.585141266524439985e+00
1.998995405479185195e+02 3.794977645650830268e-04 2.593555515483906948e+00
2.030725491280442156e+02 3.975275902265966053e-04 2.789026517626236767e+00
2.062455577081699118e+02 3.599817812306027728e-04 2.591720676126080036e+00
2.094185662882956080e+02 3.373426602814923745e-04 2.491322223776332390e+00
2.125915748684212758e+02 3.642699058235398385e-04 2.758460114690762577e+00
2.157645834485469720e+02 3.409257706148689066e-04 2.646224967844335030e+00
2.189375920286726682e+02 3.039518155370919640e-04 2.417345002550866706e+00
2.221106006087983644e+02 3.191000953979929492e-04 2.599415742968811394e+00
2.252836091889240606e+02 3.233556007716386510e-04 2.697095843037068175e+00
2.284566177690497284e+02 2.908144885702620172e-04 2.482879319042540889e+00
2.316296263491754246e+02 3.008836877706223541e-04 2.628585781304561220e+00
2.348026349293011208e+02 2.907761830163767074e-04 2.598546194269581111e+00
2.379756435094268170e+02 2.706596381492425672e-04 2.473494866196053188e+00
2.411486520895525132e+02 2.613258128738196024e-04 2.441501757467183342e+00
2.443216606696782094e+02 2.733451583581661317e-04 2.610045060912992376e+00
2.474946692498038772e+02 2.540592666055963792e-04 2.478628593131413815e+00
2.506676778299295734e+02 2.445258621058929611e-04 2.436812020678602142e+00
2.538406864100552696e+02 2.471442854437125888e-04 2.515084778180447955e+00
2.570136949901809658e+02 2.356737070011236796e-04 2.448527063591856567e+00
2.601867035703066335e+02 2.289295188032478695e-04 2.427599057354848266e+00
2.633597121504323582e+02 2.220634724687822964e-04 2.402846483182438320e+00
2.665327207305580259e+02 2.214010498590126197e-04 2.443977650887404263e+00
2.697057293106837506e+02 2.225514449758847566e-04 2.505613259999904141e+00
2.728787378908094183e+02 1.934811857124457875e-04 2.221202923529506545e+00
2.760517464709350861e+02 2.040477797463653286e-04 2.388082752711566226e+00
2.792247550510608107e+02 1.889906886599778573e-04 2.254396346382768090e+00
2.823977636311864785e+02 1.924356841669674608e-04 2.339130024341718794e+00
2.855707722113122031e+02 1.843108352738109757e-04 2.282480769378754992e+00
2.887437807914378709e+02 1.868504512342123911e-04 2.356940119597203953e+00
2.919167893715635387e+02 1.714552374769883684e-04 2.202499807721325364e+00
2.950897979516892633e+02 1.769023066495572225e-04 2.313789366298045103e+00
2.982628065318149311e+02 1.658583246547269674e-04 2.208356112698282470e+00
3.014358151119406557e+02 1.673599185148530520e-04 2.267999086751587789e+00
3.046088236920663235e+02 1.494571470750413571e-04 2.061045061882103013e+00
3.077818322721919913e+02 1.543498294996803379e-04 2.165597735593911555e+00
3.109548408523177159e+02 1.486217214767381197e-04 2.121181468814435700e+00
3.141278494324433836e+02 1.541752130320740981e-04 2.237992494147399203e+00
3.173008580125691083e+02 1.356235330446359092e-04 2.001952633779427781e+00
3.204738665926947760e+02 1.400757621953647959e-04 2.102248387544139785e+00
3.236468751728204438e+02 1.351549099905430566e-04 2.061978778861527584e+00
3.268198837529461684e+02 1.345941238020471247e-04 2.087085391365272713e+00
3.299928923330718362e+02 1.197502078908297242e-04 1.887052222288480019e+00
3.331659009131975608e+02 1.262981309137532293e-04 2.022232873672852982e+00
3.363389094933232286e+02 1.162179279183658316e-04 1.890463576541337787e+00
3.395119180734488964e+02 1.210739692989166007e-04 2.000518111275816580e+00
3.426849266535746210e+02 1.118940209492126978e-04 1.877724547829825230e+00
3.458579352337002888e+02 1.117676282617979214e-04 1.904637259113628911e+00
3.490309438138260134e+02 1.117275855292404051e-04 1.933156287609504309e+00
3.522039523939516812e+02 1.062377365656014320e-04 1.866104032809349889e+00
3.553769609740774058e+02 1.015154383316187837e-04 1.810009590839500415e+00
3.585499695542030736e+02 1.008817777076121617e-04 1.825557612078239078e+00
3.617229781343287414e+02 9.433077212617297573e-05 1.732261895412128494e+00
3.648959867144544660e+02 9.520319865950410622e-05 1.773917228017295900e+00
3.680689952945801338e+02 9.236292508064444632e-05 1.746008704492396646e+00
3.712420038747058584e+02 8.898705958222785759e-05 1.706430887660311813e+00
3.744150124548315262e+02 8.781912701876705310e-05 1.708091790032737034e+00
3.775880210349571939e+02 8.345731939480075228e-05 1.646246170589523050e+00
3.807610296150829186e+02 8.346188471177769371e-05 1.669458682445287057e+00
3.839340381952085863e+02 8.046441455391445136e-05 1.631917565602171605e+00
3.871070467753343110e+02 7.782568430081347722e-05 1.600201758245334283e+00
3.902800553554599787e+02 7.577258466061761414e-05 1.579329320325342012e+00
3.934530639355856465e+02 7.301326609625061171e-05 1.542493451178274411e+00
3.966260725157113711e+02 7.261868885261965503e-05 1.554833308780653400e+00
3.997990810958370389e+02 7.214505359997947051e-05 1.565343111424650768e+00
4.029720896759627635e+02 6.876650271639734462e-05 1.511826256184847450e+00
4.061450982560884313e+02 6.586070710345334170e-05 1.466994264919614599e+00
4.093181068362140991e+02 6.454822744415674915e-05 1.456529377574170558e+00
4.124911154163398237e+02 6.336478005806084118e-05 1.448345795927588275e+00
4.156641239964654915e+02 6.097764727078620683e-05 1.411697245496249975e+00
4.188371325765912161e+02 5.999239209523409271e-05 1.406602792190860374e+00
4.220101411567168839e+02 5.886722470998837311e-05 1.397692733342555504e+00
4.251831497368425516e+02 5.604601672296770842e-05 1.347425700658457570e+00
4.283561583169682763e+02 5.510652183660618423e-05 1.341357963931329111e+00
4.315291668970939440e+02 5.391561825026827654e-05 1.328612031743410915e+00
4.347021754772196687e+02 5.209510077273285224e-05 1.299520810038534924e+00
4.378751840573453364e+02 4.973624130120284125e-05 1.255808783137937423e+00
4.410481926374710042e+02 4.999840678211897338e-05 1.277711813292568888e+00
4.442212012175967288e+02 4.935579072988819440e-05 1.276449343787438018e+00
4.473942097977223966e+02 4.602488644449445290e-05 1.204508837798087040e+00
4.505672183778481212e+02 4.542116760721616925e-05 1.202793148453178640e+00
4.537402269579737890e+02 4.352490794001689006e-05 1.166138143725892418e+00
4.569132355380994568e+02 4.351835951996735753e-05 1.179583656587580132e+00
4.600862441182251814e+02 4.160758714232756512e-05 1.140874691110994599e+00
4.632592526983508492e+02 4.138245506851816462e-05 1.147774105640493314e+00
4.664322612784765738e+02 4.062603507078824024e-05 1.139686510152873700e+00
4.696052698586022416e+02 3.861554028257585541e-05 1.095595867241237142e+00
4.727782784387279662e+02 3.770504665487372283e-05 1.081837439957425540e+00
4.759512870188536340e+02 3.674464577042214799e-05 1.066100730401888574e+00
4.791242955989793018e+02 3.586158743991187386e-05 1.052066437810900146e+00
4.822973041791050264e+02 3.463042238978407752e-05 1.027186207767039727e+00
4.854703127592306942e+02 3.334994563839744350e-05 1.000075817395303268e+00
4.886433213393564188e+02 3.363527717205658631e-05 1.019643346568756659e+00
4.918163299194820866e+02 3.238244595004653958e-05 9.923111936486495033e-01
4.949893384996077543e+02 3.110272024446406703e-05 9.633662974243059063e-01
4.981623470797334789e+02 3.092224893736293087e-05 9.680309367750580263e-01
5.013353556598591467e+02 2.931905114655335712e-05 9.276065362271066483e-01
5.045083642399848713e+02 2.783315089011116218e-05 8.899036581022063963e-01
5.076813728201105391e+02 2.860996475111148417e-05 9.243491324611065041e-01
5.108543814002362069e+02 2.777063220067370845e-05 9.065970553507839425e-01
5.140273899803619315e+02 2.640425061059174734e-05 8.709320668783314678e-01
5.172003985604876561e+02 2.634732957711775046e-05 8.780138275214032229e-01
5.203734071406132671e+02 2.509638047247926169e-05 8.448953385806655669e-01
5.235464157207389917e+02 2.501294132023010392e-05 8.506614435621040471e-01
5.267194243008647163e+02 2.364137792488738167e-05 8.121539167205815701e-01
5.298924328809903272e+02 2.296489433364441230e-05 7.968513526437261962e-01
5.330654414611160519e+02 2.266052830003378209e-05 7.941531160808066314e-01
5.362384500412417765e+02 2.245951794562451659e-05 7.949326759103506612e-01
5.394114586213675011e+02 2.126651056400795809e-05 7.601451272901940115e-01
5.425844672014931120e+02 2.082212343750761951e-05 7.515720337956535158e-01
5.457574757816188367e+02 2.026044867076819426e-05 7.384400011292328037e-01
5.489304843617445613e+02 2.040753955141864928e-05 7.510224099327578173e-01
5.521034929418701722e+02 1.888760715938048512e-05 7.017963405021122592e-01
5.552765015219958968e+02 1.878487114632672821e-05 7.046774579511778658e-01
5.584495101021216215e+02 1.854535050181821206e-05 7.023305658764699144e-01
5.616225186822472324e+02 1.743541791846905207e-05 6.665609742892774081e-01
5.647955272623729570e+02 1.767713406186757806e-05 6.821773100786254762e-01
5.679685358424986816e+02 1.723948246521726828e-05 6.715288670576156083e-01
5.711415444226244063e+02 1.612811350511644752e-05 6.340981564192864628e-01
5.743145530027500172e+02 1.601290289114135374e-05 6.354086248142206683e-01
5.774875615828757418e+02 1.593853588023082037e-05 6.382921184912605517e-01
5.806605701630014664e+02 1.544434913326488406e-05 6.241756722598293949e-01
5.838335787431270774e+02 1.462426128940340068e-05 5.964248368173481474e-01
5.870065873232528020e+02 1.452129797488329512e-05 5.975997337364362672e-01
5.901795959033785266e+02 1.427860249725607672e-05 5.929153417520557356e-01
5.933526044835041375e+02 1.368983253781734398e-05 5.735697306499459858e-01
5.965256130636298622e+02 1.327433768446800605e-05 5.611272428647859911e-01
5.996986216437555868e+02 1.346935321821665459e-05 5.744274162064171296e-01
6.028716302238813114e+02 1.262415094291883540e-05 5.431380861881353050e-01
6.060446388040069223e+02 1.258248723056326915e-05 5.461025291329735243e-01
6.092176473841326469e+02 1.200367628603442649e-05 5.255351073531914219e-01
6.123906559642583716e+02 1.176370535718831445e-05 5.195073911837604363e-01
6.155636645443839825e+02 1.144326077254410918e-05 5.097275285450233451e-01
6.187366731245097071e+02 1.115753702093142828e-05 5.012773706953816966e-01
6.219096817046354317e+02 1.114291484325602357e-05 5.049065537639934043e-01
6.250826902847611564e+02 1.047457787992759379e-05 4.786657107460409177e-01
6.282556988648867673e+02 1.041674074848368180e-05 4.800567531730445814e-01
6.314287074450124919e+02 9.755305787791252795e-06 4.533651072321511211e-01
6.346017160251382165e+02 1.011018218371209091e-05 4.737992676939132286e-01
6.377747246052638275e+02 9.680204348237025417e-06 4.574356749865423066e-01
6.409477331853895521e+02 9.295490326364930635e-06 4.429044017111339882e-01
6.441207417655152767e+02 9.098519149798071172e-06 4.371020608782415495e-01
6.472937503456408876e+02 8.888893044941538425e-06 4.305431696714069334e-01
6.504667589257666123e+02 8.556167250683777427e-06 4.178186080113584500e-01
6.536397675058923369e+02 8.486788824671489509e-06 4.178055203647166871e-01
6.568127760860180615e+02 8.286876258494441373e-06 4.112698194256376172e-01
6.599857846661436724e+02 7.980594489319559379e-06 3.992634419189336481e-01
6.631587932462693971e+02 7.863920385552320477e-06 3.965838236474041323e-01
6.663318018263951217e+02 7.548214175881338908e-06 3.837029308723444165e-01
6.695048104065207326e+02 7.496437895409634297e-06 3.841001266521668622e-01
6.726778189866464572e+02 7.370755468282612164e-06 3.806482600695613727e-01
6.758508275667721819e+02 6.976175781309478243e-06 3.631077332344663788e-01
6.790238361468977928e+02 6.954328059748390762e-06 3.648073169355620649e-01
6.821968447270235174e+02 6.861344177708635718e-06 3.627371603716100235e-01
6.853698533071492420e+02 6.507863335190178872e-06 3.467209523836601859e-01
6.885428618872749666e+02 6.472444933869019707e-06 3.474988178019696172e-01
6.917158704674005776e+02 6.352509761696237258e-06 3.436831508169581051e-01
6.948888790475263022e+02 6.122595345053905171e-06 3.337806523802168135e-01
6.980618876276520268e+02 5.965738541162303640e-06 3.277082900595520987e-01
7.012348962077776378e+02 5.880828670123223506e-06 3.254950541769280892e-01
7.044079047879033624e+02 5.759262920461874599e-06 3.211741673164259514e-01
7.075809133680290870e+02 5.541324481612486950e-06 3.113439499862021287e-01
7.107539219481548116e+02 5.529187698267000444e-06 3.129873423729546689e-01
7.139269305282804225e+02 5.279781884221356574e-06 3.010964181658620786e-01
7.170999391084061472e+02 5.215406445384573765e-06 2.996316152109534392e-01
7.202729476885318718e+02 5.096110504275745004e-06 2.949402265284449820e-01
7.234459562686574827e+02 4.999054578656347517e-06 2.914504302508557076e-01
7.266189648487832073e+02 4.796812330228335531e-06 2.817067644487486477e-01
7.297919734289089320e+02 4.692333486830644213e-06 2.775794691814579274e-01
7.329649820090345429e+02 4.693529808752387775e-06 2.796651114740922317e-01
7.361379905891602675e+02 4.570812254061867408e-06 2.743208189496088023e-01
7.393109991692859921e+02 4.412598693749561614e-06 2.667307244917277442e-01
7.424840077494117168e+02 4.261127394794515009e-06 2.594197431240928831e-01
7.456570163295373277e+02 4.271152639276847330e-06 2.618847885921570251e-01
7.488300249096630523e+02 4.139048676142960166e-06 2.555873075059363342e-01
7.520030334897887769e+02 4.018576152028458448e-06 2.499030309120111037e-01
7.551760420699143879e+02 3.948640189150882585e-06 2.472831744896412942e-01
7.583490506500401125e+02 3.841387978035949335e-06 2.422535139122902748e-01
7.615220592301658371e+02 3.835070235453052143e-06 2.435440192535360537e-01
7.646950678102914480e+02 3.713534519149172311e-06 2.374659144351931872e-01
7.678680763904171727e+02 3.615894025289649061e-06 2.328234468243033928e-01
7.710410849705428973e+02 3.560978872265511681e-06 2.308688096527210243e-01
7.742140935506686219e+02 3.415005010157128935e-06 2.229255259062559169e-01
7.773871021307942328e+02 3.408723733776707701e-06 2.240374852488250801e-01
7.805601107109199575e+02 3.328934883679095559e-06 2.202837981942024626e-01
7.837331192910456821e+02 3.251533010428114393e-06 2.166216371058743984e-01
7.869061278711712930e+02 3.191125165056088773e-06 2.140336466621075018e-01
7.900791364512970176e+02 3.152480370594271581e-06 2.128645692817278667e-01
7.932521450314227422e+02 3.030032628504082845e-06 2.059678317218309740e-01
7.964251536115483532e+02 2.976585312222653716e-06 2.036854222495148303e-01
7.995981621916740778e+02 2.898808550342362653e-06 1.996821200916649164e-01
8.027711707717998024e+02 2.903002087201575248e-06 2.012952966359082274e-01
8.059441793519255270e+02 2.787513243627836347e-06 1.945622341376748166e-01
8.091171879320511380e+02 2.765958129465605451e-06 1.943261797938340418e-01
8.122901965121768626e+02 2.710346691468120151e-06 1.916653175934624753e-01
8.154632050923025872e+02 2.658731130775488847e-06 1.892409140433661818e-01
8.186362136724281982e+02 2.608169969539588450e-06 1.868475800783949148e-01
8.218092222525539228e+02 2.534591239574590657e-06 1.827509375799917513e-01
8.249822308326796474e+02 2.481571541503450639e-06 1.800809573418516996e-01
8.281552394128053720e+02 2.439215069529516936e-06 1.781433783605850252e-01
8.313282479929309829e+02 2.386844622805487293e-06 1.754331702245836566e-01
8.345012565730567076e+02 2.413541048317210121e-06 1.785252628164277489e-01
8.376742651531824322e+02 2.304047240577925215e-06 1.715075862713174859e-01
8.408472737333080431e+02 2.228267696765227393e-06 1.669152043083977632e-01
8.440202823134337677e+02 2.263432095264558739e-06 1.706169896479718395e-01
8.471932908935594924e+02 2.170071337404198069e-06 1.646056951495731280e-01
8.503662994736851033e+02 2.161265552481794393e-06 1.649623617194883041e-01
8.535393080538108279e+02 2.088813564623114162e-06 1.604250647447442168e-01
8.567123166339365525e+02 2.085718612532824764e-06 1.611810823459129405e-01
8.598853252140622772e+02 2.031970859507514662e-06 1.579980417782319846e-01
8.630583337941878881e+02 1.984233791867439944e-06 1.552362318655565732e-01
8.662313423743136127e+02 1.993962816203274454e-06 1.569544178488701258e-01
8.694043509544393373e+02 1.924472837188458896e-06 1.524104695803653875e-01
8.725773595345649483e+02 1.892659893953384066e-06 1.508038676229585540e-01
8.757503681146906729e+02 1.849967845254641827e-06 1.482966683151787646e-01
8.789233766948163975e+02 1.831224335393651585e-06 1.476816639636616968e-01
8.820963852749420084e+02 1.791721693155536590e-06 1.453663734370288785e-01
8.852693938550677331e+02 1.723678356409828585e-06 1.406852752584168142e-01
8.884424024351934577e+02 1.760556634861690378e-06 1.445546711408259855e-01
8.916154110153191823e+02 1.701336951699790474e-06 1.405247901043100434e-01
8.947884195954447932e+02 1.663876009479634493e-06 1.382467354176202534e-01
8.979614281755705179e+02 1.677840342111916628e-06 1.402318840932298694e-01
9.011344367556962425e+02 1.625952298722963739e-06 1.366964106939156931e-01
9.043074453358218534e+02 1.587774945504463310e-06 1.342710717508449891e-01
9.074804539159475780e+02 1.568064124534986596e-06 1.333805850760898803e-01
9.106534624960733026e+02 1.546718525334356216e-06 1.323325026471498800e-01
9.138264710761989136e+02 1.511550289702143351e-06 1.300754961907265306e-01
9.169994796563246382e+02 1.494485671092527818e-06 1.293521259295550008e-01
9.201724882364503628e+02 1.472726837103508214e-06 1.282047968614233313e-01
9.233454968165760874e+02 1.432391308613974648e-06 1.254109341892972462e-01
9.265185053967016984e+02 1.433831283277805860e-06 1.262568301142374394e-01
9.296915139768274230e+02 1.420531607110820690e-06 1.258004938552211849e-01
9.328645225569531476e+02 1.371662532795347806e-06 1.221644668874755368e-01
9.360375311370787585e+02 1.370050246316564120e-06 1.227133839889580080e-01
9.392105397172044832e+02 1.350371490908148432e-06 1.216348964534400973e-01
9.423835482973302078e+02 1.342149197340145651e-06 1.215757495087807644e-01
9.455565568774559324e+02 1.281174842067426911e-06 1.167044956902945074e-01
9.487295654575815433e+02 1.305582559278010600e-06 1.195937263152169888e-01
9.519025740377072680e+02 1.238776951860683978e-06 1.141074372968221978e-01
9.550755826178329926e+02 1.270826903376810700e-06 1.177107075915335005e-01
9.582485911979586035e+02 1.209399724209385772e-06 1.126419553972406729e-01
9.614215997780843281e+02 1.219285055979603149e-06 1.141900796594133294e-01
9.645946083582100528e+02 1.188089556947655932e-06 1.118812290757539296e-01
9.677676169383356637e+02 1.199161197376469564e-06 1.135436131633609930e-01
9.709406255184613883e+02 1.154569233368122231e-06 1.099194218135431805e-01
9.741136340985871129e+02 1.135998342554270543e-06 1.087411031071217754e-01
9.772866426787128376e+02 1.158134451783669491e-06 1.114625358525561244e-01
9.804596512588384485e+02 1.113344808965273995e-06 1.077322917108182732e-01
9.836326598389641731e+02 1.095683102961127919e-06 1.065957439028625414e-01
9.868056684190898977e+02 1.084236244458797838e-06 1.060498308619032409e-01
9.899786769992155087e+02 1.054881197091137921e-06 1.037321275541005089e-01
9.931516855793412333e+02 1.067242658689901427e-06 1.055089131665283703e-01
9.963246941594669579e+02 1.029229305775245349e-06 1.022932478523499722e-01
9.994977027395925688e+02 1.029927902992244330e-06 1.029065830756499406e-01
1.002670711319718293e+03 1.018330727744049865e-06 1.022867540798741981e-01
1.005843719899844018e+03 9.985513150635771915e-07 1.008295670655613430e-01
1.009016728479969743e+03 9.930682615374326934e-07 1.008036782546190557e-01
1.012189737060095354e+03 9.751793872729666120e-07 9.950717467675770922e-02
1.015362745640221078e+03 9.718393365469083415e-07 9.968500808259674051e-02
1.018535754220346803e+03 9.483283463569219007e-07 9.778056228323454835e-02
1.021708762800472414e+03 9.426620879501349610e-07 9.770150145270496689e-02
1.024881771380598138e+03 9.221340054142374746e-07 9.606908457729572415e-02
1.028054779960723863e+03 9.065142409864706746e-07 9.492961631554004687e-02
1.031227788540849588e+03 9.156474825942559172e-07 9.637979202669096079e-02
1.034400797120975312e+03 8.970407956055009891e-07 9.490598593769375424e-02
1.037573805701100810e+03 8.830268775461964247e-07 9.390144051771720513e-02
1.040746814281226534e+03 8.655400539209744109e-07 9.251148531883439385e-02
1.043919822861352259e+03 8.661483334178397100e-07 9.304738697470259223e-02
1.047092831441477983e+03 8.466312593693776936e-07 9.141194368392872860e-02
1.050265840021603708e+03 8.513094235991778612e-07 9.238174781397952284e-02
1.053438848601729433e+03 8.299206776432815311e-07 9.051463453363790823e-02
1.056611857181855157e+03 8.168233049520641847e-07 8.953384870786011696e-02
1.059784865761980654e+03 8.142843373413461441e-07 8.970271820994010770e-02
1.062957874342106379e+03 8.043616762339852043e-07 8.905222870629840581e-02
1.066130882922232104e+03 7.894226264554498613e-07 8.783355140931781158e-02
1.069303891502357828e+03 7.861501877118249147e-07 8.790375649783760403e-02
1.072476900082483553e+03 7.728255776863920523e-07 8.684164972433998375e-02
1.075649908662609278e+03 7.609624278100524107e-07 8.593065496351323662e-02
1.078822917242735002e+03 7.612003495411414068e-07 8.638054070972880916e-02
1.081995925822860499e+03 7.418580880469761822e-07 8.459867187005606914e-02
1.085168934402986224e+03 7.330937668238987417e-07 8.400821967642885246e-02
1.088341942983111949e+03 7.359210297757942622e-07 8.474358342728428861e-02
1.091514951563237673e+03 7.235884860729756968e-07 8.372872206683321106e-02
1.094687960143363398e+03 7.088416252760322665e-07 8.242009585342084665e-02
1.097860968723489123e+03 7.101613062759119039e-07 8.297283218468579080e-02
1.101033977303614620e+03 6.916171076956330965e-07 8.119580579180650515e-02
1.104206985883740344e+03 6.934764887669564166e-07 8.180551046151450512e-02
1.107379994463866069e+03 6.730216870060571913e-07 7.977316957427335598e-02
1.110553003043991794e+03 6.810920372465696468e-07 8.111564408075708221e-02
1.113726011624117518e+03 6.655937007232337297e-07 7.964768206194790257e-02
1.116899020204243243e+03 6.499454574359562685e-07 7.814480216117329625e-02
1.120072028784368968e+03 6.569017178035583400e-07 7.935549115974074863e-02
1.123245037364494465e+03 6.449488065204290846e-07 7.827974896780469372e-02
1.126418045944620189e+03 6.307574091541907438e-07 7.691806668949051351e-02
1.129591054524745914e+03 6.384232658223577199e-07 7.821873347682825606e-02
1.132764063104871639e+03 6.289812588410492108e-07 7.742302631258718426e-02
1.135937071684997363e+03 6.117261813169326265e-07 7.565091586604105744e-02
1.139110080265123088e+03 6.059946990962857699e-07 7.529133255622352805e-02
1.142283088845248813e+03 6.052058354331900499e-07 7.554273175434168819e-02
1.145456097425374310e+03 5.944188040979530085e-07 7.454009700448839537e-02
1.148629106005500034e+03 5.766043687693840384e-07 7.264029907708274836e-02
1.151802114585625759e+03 5.908648554701231056e-07 7.477985376102527781e-02
1.154975123165751484e+03 5.805063415455145395e-07 7.380651262232451604e-02
1.158148131745877208e+03 5.654845241333443782e-07 7.222611284974403412e-02
1.161321140326002933e+03 5.681709199649244586e-07 7.290089974323731015e-02
1.164494148906128657e+03 5.527264299717936643e-07 7.124248885904478634e-02
1.167667157486254155e+03 5.549881088083115120e-07 7.185915730864805839e-02
1.170840166066379879e+03 5.406615665910355444e-07 7.032150975762260781e-02
1.174013174646505604e+03 5.420832729472723664e-07 7.082516974290706258e-02
1.177186183226631329e+03 5.333565151667537520e-07 6.999916584221295424e-02
1.180359191806757053e+03 5.343466663004474499e-07 7.044444440112547501e-02
1.183532200386882778e+03 5.174798934250700722e-07 6.852677241227095317e-02
1.186705208967008275e+03 5.186084433197307175e-07 6.898335793714348296e-02
1.189878217547134000e+03 5.150394380611542545e-07 6.881419109937017553e-02
1.193051226127259724e+03 5.074214213252363986e-07 6.809793613377082555e-02
1.196224234707385449e+03 4.919919333941544713e-07 6.632017192004774353e-02
1.199397243287511174e+03 5.010169964693935559e-07 6.783557901264132550e-02
1.202570251867636898e+03 4.881064587909254423e-07 6.637919508366646459e-02
1.205743260447762623e+03 4.858728149424565419e-07 6.636625922134442579e-02
1.208916269027888120e+03 4.840544618767216962e-07 6.640813207612544788e-02
1.212089277608013845e+03 4.766848856689406070e-07 6.568341597067520188e-02
1.215262286188139569e+03 4.654150388838401761e-07 6.441056566294524333e-02
1.218435294768265294e+03 4.633534493533647227e-07 6.440454530592833182e-02
1.221608303348391019e+03 4.608412935064020037e-07 6.433362357127041242e-02
1.224781311928516743e+03 4.531894455425287803e-07 6.353953596578573726e-02
1.227954320508642468e+03 4.460693888987460823e-07 6.281153983947064534e-02
1.231127329088767965e+03 4.483280600811356403e-07 6.340169592197025805e-02
1.234300337668893690e+03 4.402679707571507400e-07 6.252953104583817978e-02
1.237473346249019414e+03 4.367733430809149561e-07 6.229921112767403818e-02
1.240646354829145139e+03 4.300576023125090579e-07 6.160367708920570090e-02
1.243819363409270863e+03 4.276209731639817101e-07 6.151596672726616227e-02
1.246992371989396588e+03 4.208601861989265986e-07 6.080101617420691218e-02
1.250165380569522313e+03 4.205020453517067608e-07 6.100712509564712449e-02
1.253338389149647810e+03 4.104511640583069554e-07 5.980103885040175676e-02
1.256511397729773535e+03 4.129758864625769100e-07 6.042297178886723436e-02
1.259684406309899259e+03 3.975781535527162230e-07 5.841514169526170613e-02
1.262857414890024984e+03 4.033410138619712526e-07 5.951086322251532973e-02
1.266030423470150708e+03 3.900928175459327149e-07 5.779738519832067906e-02
1.269203432050276433e+03 3.964863286962801338e-07 5.899025587320996106e-02
1.272376440630401930e+03 3.823103718640492661e-07 5.711832266864620700e-02
1.275549449210527655e+03 3.886485544321360645e-07 5.830680208824125244e-02
1.278722457790653380e+03 3.761567626125049906e-07 5.666688784160674869e-02
1.281895466370779104e+03 3.794801909208088900e-07 5.740417279411299395e-02
1.285068474950904829e+03 3.650539994432862796e-07 5.544991613607887920e-02
1.288241483531030553e+03 3.660069976942648828e-07 5.582364481350388791e-02
1.291414492111156278e+03 3.671663697692540233e-07 5.623054874730923358e-02
1.294587500691281775e+03 3.602346443814806124e-07 5.539507566870983252e-02
1.297760509271407500e+03 3.546408687810421753e-07 5.475784814109961596e-02
1.300933517851533225e+03 3.532074722527669788e-07 5.475894277667765070e-02
1.304106526431658949e+03 3.449851066296431085e-07 5.370179393730217798e-02
1.307279535011784674e+03 3.482196959155409549e-07 5.442529220966987186e-02
1.310452543591910398e+03 3.402868876802762164e-07 5.340075265831528695e-02
1.313625552172036123e+03 3.352416649597582928e-07 5.282148843941232574e-02
1.316798560752161620e+03 3.348594907605001921e-07 5.297384759671207310e-02
1.319971569332287345e+03 3.331096810347801296e-07 5.290883713662931920e-02
1.323144577912413069e+03 3.254889546731728197e-07 5.190570466100351277e-02
1.326317586492538794e+03 3.245411039175127561e-07 5.196156898367719490e-02
1.329490595072664519e+03 3.213828860948212853e-07 5.166124429608420082e-02
1.332663603652790243e+03 3.143301898939079957e-07 5.072869104768819304e-02
1.335836612232915968e+03 3.142953157543323388e-07 5.092450452845338066e-02
1.339009620813041465e+03 3.136998390948892976e-07 5.102939957403669624e-02
1.342182629393167190e+03 3.044219568705478759e-07 4.971590274356019884e-02
1.345355637973292914e+03 3.047347094885476253e-07 4.996322101609665389e-02
1.348528646553418639e+03 2.974400970924257765e-07 4.895906798721542247e-02
1.351701655133544364e+03 3.006499091537395203e-07 4.968162810733346701e-02
1.354874663713670088e+03 2.942992071056715592e-07 4.882260647279600824e-02
1.358047672293795586e+03 2.947779261820834869e-07 4.909304668633165947e-02
1.361220680873921310e+03 2.877267286450661322e-07 4.810546744272085895e-02
1.364393689454047035e+03 2.838021489173887182e-07 4.763379496886608472e-02
1.367566698034172759e+03 2.816344502649843681e-07 4.745332395951423060e-02
1.370739706614298484e+03 2.816479386285126564e-07 4.763924819251657422e-02
1.373912715194424209e+03 2.777571423427309470e-07 4.716253495284162406e-02
1.377085723774549933e+03 2.743335796322720926e-07 4.676065619957921193e-02
1.380258732354675431e+03 2.688559178339201879e-07 4.600310080514277700e-02
1.383431740934801155e+03 2.711640681336302344e-07 4.657594769242782290e-02
1.386604749514926880e+03 2.652424860349860902e-07 4.573312681614932068e-02
1.389777758095052604e+03 2.612736324374527623e-07 4.522075873448383465e-02
1.392950766675178329e+03 2.594682864099447919e-07 4.507930670190699735e-02
1.396123775255304054e+03 2.576369244549333310e-07 4.493119586733283766e-02
1.399296783835429778e+03 2.536017387084204516e-07 4.439512536185102887e-02
1.402469792415555276e+03 2.535689497433368570e-07 4.455727248552900088e-02
1.405642800995681000e+03 2.530975229902658687e-07 4.464226104474869339e-02
1.408815809575806725e+03 2.465066629859741602e-07 4.364344492258324937e-02
1.411988818155932449e+03 2.433740293659864114e-07 4.325068547033992378e-02
1.415161826736058174e+03 2.419988883384046569e-07 4.316749820590887188e-02
1.418334835316183899e+03 2.389734848362246089e-07 4.278724587333176954e-02
1.421507843896309623e+03 2.379875640442959387e-07 4.276971581073513856e-02
1.424680852476435120e+03 2.373642479938935345e-07 4.281651197967180356e-02
1.427853861056560845e+03 2.314206801523279654e-07 4.189946066814021625e-02
1.431026869636686570e+03 2.289738172363780905e-07 4.161010435196778323e-02
1.434199878216812294e+03 2.294204173114783962e-07 4.184544598408902055e-02
1.437372886796938019e+03 2.241326903196085595e-07 4.103183612799837787e-02
1.440545895377063744e+03 2.249908971288252175e-07 4.134060039356143856e-02
1.443718903957189241e+03 2.218699618741246128e-07 4.091691802032548092e-02
1.446891912537314965e+03 2.199967007999140445e-07 4.072017631924150505e-02
1.450064921117440690e+03 2.170523485776628865e-07 4.032213942519185385e-02
1.453237929697566415e+03 2.143106037326801989e-07 3.995810347650601002e-02
1.456410938277692139e+03 2.157055994852461046e-07 4.036466065757685073e-02
1.459583946857817864e+03 2.109841830644998191e-07 3.962461256321819086e-02
1.462756955437943589e+03 2.068595748103810944e-07 3.899083903644294524e-02
1.465929964018069086e+03 2.103999683654663091e-07 3.980164668855749183e-02
1.469102972598194810e+03 2.039742024407170547e-07 3.872537567064024411e-02
1.472275981178320535e+03 2.044521588749739709e-07 3.895594516300134730e-02
1.475448989758446260e+03 2.018063300330394266e-07 3.859003005846224632e-02
1.478621998338571984e+03 1.997409108174284636e-07 3.833207223369336503e-02
1.481795006918697709e+03 1.974623013009229384e-07 3.803041569604643374e-02
1.484968015498823434e+03 1.950755615613611745e-07 3.770492069797790058e-02
1.488141024078948931e+03 1.953223610946078027e-07 3.788716541799335563e-02
1.491314032659074655e+03 1.918064701839813014e-07 3.733748780555502800e-02
1.494487041239200380e+03 1.911007613438148737e-07 3.733212173149672714e-02
1.497660049819326105e+03 1.891123429027948759e-07 3.707449837326286246e-02
1.500833058399451829e+03 1.875585318404003467e-07 3.689981056170990592e-02
1.504006066979577554e+03 1.868932415567000751e-07 3.689857352453321249e-02
1.507179075559703051e+03 1.851661093183173674e-07 3.668621679523235285e-02
1.510352084139828776e+03 1.824282528135024714e-07 3.627068553681524199e-02
1.513525092719954500e+03 1.817346961523482870e-07 3.625939541151034645e-02
1.516698101300080225e+03 1.779849301692973481e-07 3.563541364670124584e-02
1.519871109880205950e+03 1.781202605869575950e-07 3.578694190682282089e-02
1.523044118460331674e+03 1.766182626233505755e-07 3.560872426872451618e-02
1.526217127040457399e+03 1.765095304770107064e-07 3.571045341497575132e-02
1.529390135620582896e+03 1.734026661727080728e-07 3.520353252424204826e-02
1.532563144200708621e+03 1.737673210176481134e-07 3.539963094303600483e-02
1.535736152780834345e+03 1.690980051461015249e-07 3.456735616723255466e-02
1.538909161360960070e+03 1.693514542725465337e-07 3.473846084000668105e-02
1.542082169941085795e+03 1.658592042809117026e-07 3.413910282914044136e-02
1.545255178521211519e+03 1.689062530993318003e-07 3.488559013974969897e-02
1.548428187101337244e+03 1.659937713921483691e-07 3.440146252992717230e-02
1.551601195681462741e+03 1.661246301784753425e-07 3.454624667983358099e-02
1.554774204261588466e+03 1.627652023011037553e-07 3.396308300316699946e-02
1.557947212841714190e+03 1.617581166897428818e-07 3.386782545612169321e-02
1.561120221421839915e+03 1.603683551346357425e-07 3.369089825655967319e-02
1.564293230001965640e+03 1.614925410437323953e-07 3.404207919314662656e-02
1.567466238582091364e+03 1.560650989089289266e-07 3.300928501852162800e-02
1.570639247162217089e+03 1.574698563446759972e-07 3.341885046026963485e-02
1.573812255742342586e+03 1.556372368118029296e-07 3.314121173080661342e-02
1.576985264322468311e+03 1.567475889819583171e-07 3.348988026211171393e-02
1.580158272902594035e+03 1.530466246106187657e-07 3.280887995992474993e-02
1.583331281482719760e+03 1.549346825483763979e-07 3.332485743322735616e-02
1.586504290062845484e+03 1.502604571829881410e-07 3.242749919666533531e-02
1.589677298642971209e+03 1.529786212887311229e-07 3.312422274861598348e-02
1.592850307223096706e+03 1.482216755182037997e-07 3.220104686693951029e-02
1.596023315803222431e+03 1.504063666770657356e-07 3.278422634563401411e-02
1.599196324383348156e+03 1.484120590746605228e-07 3.245678475654027728e-02
1.602369332963473880e+03 1.479126368661248173e-07 3.245460444764058927e-02
1.605542341543599605e+03 1.457514935899338120e-07 3.208602760093411110e-02
1.608715350123725329e+03 1.452838907414094381e-07 3.208850409156063788e-02
1.611888358703851054e+03 1.434977623601584249e-07 3.179826274414557924e-02
1.615061367283976551e+03 1.403763804489196943e-07 3.120870548369814729e-02
1.618234375864102276e+03 1.363379527182310767e-07 3.041019039357682405e-02
1.621407384444228001e+03 1.362875251601603579e-07 3.049835038835297177e-02
1.624580393024353725e+03 1.320424854190654722e-07 2.964483491188161721e-02
1.627753401604479450e+03 1.304371194163170378e-07 2.937980339453391196e-02
1.630926410184605174e+03 1.287125691510008488e-07 2.908561390852559825e-02
1.634099418764730899e+03 1.252295335996744091e-07 2.839035930745442346e-02
1.637272427344856396e+03 1.230419416904432851e-07 2.798474944025756278e-02
1.640445435924982121e+03 1.212528219201861468e-07 2.766696393850583136e-02
1.643618444505107846e+03 1.185347139595610362e-07 2.713400493995366328e-02
1.646791453085233570e+03 1.176201741762673839e-07 2.701134181490234126e-02
1.649964461665359295e+03 1.152430233058898014e-07 2.655047488326729016e-02
1.653137470245485019e+03 1.131309191460307496e-07 2.614746549604461331e-02
1.656310478825610744e+03 1.111207346085426360e-07 2.576507155645562167e-02
1.659483487405736241e+03 1.089442360486375270e-07 2.534112065731975588e-02
1.662656495985861966e+03 1.079227117447912433e-07 2.518355702870620633e-02
1.665829504565987691e+03 1.046504615654119810e-07 2.449770485164870851e-02
1.669002513146113415e+03 1.054133698409838557e-07 2.475468179149651476e-02
1.672175521726239140e+03 1.016127460918775213e-07 2.393782151719086454e-02
1.675348530306364864e+03 1.011638292947740635e-07 2.390748407133142309e-02
1.678521538886490362e+03 9.897435787652682774e-08 2.346393734805553993e-02
1.681694547466616086e+03 9.612031297411246319e-08 2.285916538193345782e-02
1.684867556046741811e+03 9.538568748813420257e-08 2.275583765754954704e-02
1.688040564626867535e+03 9.509125744188112084e-08 2.275684518235402895e-02
1.691213573206993260e+03 9.120725313038622536e-08 2.189576561773606822e-02
1.694386581787118985e+03 9.123364208839880014e-08 2.197063040198517225e-02
1.697559590367244709e+03 8.988647576324528609e-08 2.171381169561192176e-02
1.700732598947370207e+03 8.922257222674214394e-08 2.162061946994289080e-02
1.703905607527495931e+03 8.643692508065221500e-08 2.101076486185929348e-02
1.707078616107621656e+03 8.554487467127650475e-08 2.085850596540538004e-02
1.710251624687747380e+03 8.366869340551608818e-08 2.046427389253628951e-02
1.713424633267873105e+03 8.251794587336741050e-08 2.024526281709047859e-02
1.716597641847998830e+03 8.187254664622666333e-08 2.014895306889791238e-02
1.719770650428124554e+03 8.021598265029620050e-08 1.980212494124596392e-02
1.722943659008250052e+03 7.969406903637973185e-08 1.973381845296388881e-02
1.726116667588375776e+03 7.717253357479064096e-08 1.916812658043255332e-02
1.729289676168501501e+03 7.718816624596310411e-08 1.923078318378191459e-02
1.732462684748627225e+03 7.505929153519531341e-08 1.875761464668343828e-02
1.735635693328752950e+03 7.438498012999005115e-08 1.864587947614033264e-02
1.738808701908878675e+03 7.270193034421064056e-08 1.827955492040107127e-02
1.741981710489004399e+03 7.294387353293188555e-08 1.839620074607544939e-02
1.745154719069129897e+03 7.048401656096088644e-08 1.782983008761688387e-02
1.748327727649255621e+03 7.049886174886569346e-08 1.788765928044217315e-02
1.751500736229381346e+03 6.825497697092171032e-08 1.737073512795620292e-02
1.754673744809507070e+03 6.825276270453597847e-08 1.742264943655669890e-02
1.757846753389632795e+03 6.699280733188951614e-08 1.715259615561878434e-02
1.761019761969758520e+03 6.549572604085708915e-08 1.681976834758825215e-02
1.764192770549884017e+03 6.468305020599834028e-08 1.666098045140981115e-02
1.767365779130009741e+03 6.426474659969454076e-08 1.660288407263168717e-02
1.770538787710135466e+03 6.301666051149483305e-08 1.632918315333230924e-02
1.773711796290261191e+03 6.202338017609097737e-08 1.611983237912499242e-02
1.776884804870386915e+03 6.182194411502084522e-08 1.611541327488142869e-02
1.780057813450512640e+03 6.020330654070419468e-08 1.574021006985995910e-02
1.783230822030638365e+03 5.992493876837834360e-08 1.571400434950231267e-02
1.786403830610763862e+03 5.838001170859646731e-08 1.535430794830778579e-02
1.789576839190889586e+03 5.806636246920772858e-08 1.531705263944306041e-02
1.792749847771015311e+03 5.694067675773385963e-08 1.506452520540526273e-02
1.795922856351141036e+03 5.581035769609176153e-08 1.480906372985970644e-02
1.799095864931266760e+03 5.621441104963203944e-08 1.496022667472683351e-02
1.802268873511392485e+03 5.432383247683675757e-08 1.449961168709412197e-02
1.805441882091518210e+03 5.366632044519185652e-08 1.436617021026218195e-02
1.808614890671643707e+03 5.326947035270460826e-08 1.430172914862669863e-02
1.811787899251769431e+03 5.222243535034142211e-08 1.406164227747952987e-02
1.814960907831895156e+03 5.160280960516365291e-08 1.393537971474065155e-02
1.818133916412020881e+03 5.037014731582818972e-08 1.364215569602456046e-02
1.821306924992146605e+03 5.059677076214617643e-08 1.374341617402924896e-02
1.824479933572272330e+03 4.951600187039361481e-08 1.348892653224194327e-02
1.827652942152397827e+03 4.864371902822610419e-08 1.328973499996096742e-02
1.830825950732523552e+03 4.772491201549708048e-08 1.307646138907751950e-02
1.833998959312649276e+03 4.798850094217925151e-08 1.318668580595217833e-02
1.837171967892775001e+03 4.703920015821198309e-08 1.296312211484641590e-02
1.840344976472900726e+03 4.576012528165146249e-08 1.264695397860850744e-02
1.843517985053026450e+03 4.577729395212282053e-08 1.268807531641732989e-02
1.846690993633152175e+03 4.466104379143780989e-08 1.241421475818012266e-02
1.849864002213277672e+03 4.389890602613087844e-08 1.223733078950508223e-02
1.853037010793403397e+03 4.400604290051985908e-08 1.230228565908495289e-02
1.856210019373529121e+03 4.313139184419744470e-08 1.209220015716432582e-02
1.859383027953654846e+03 4.214713867417096412e-08 1.184994133517417066e-02
1.862556036533780571e+03 4.230653275700411084e-08 1.192860561924219583e-02
1.865729045113906295e+03 4.156537644730351067e-08 1.175292610907817045e-02
1.868902053694032020e+03 4.064440116105250397e-08 1.152510696135852948e-02
1.872075062274157517e+03 4.003007297238060666e-08 1.138304567978605866e-02
1.875248070854283242e+03 3.976238678249255013e-08 1.133888431581713679e-02
1.878421079434408966e+03 3.951991528813112981e-08 1.130153914582976253e-02
1.881594088014534691e+03 3.868939594754116216e-08 1.109520120355373188e-02
1.884767096594660416e+03 3.801370111184825167e-08 1.093208437053599588e-02
1.887940105174786140e+03 3.753922407388689056e-08 1.082594073542946476e-02
1.891113113754911865e+03 3.723704734170189505e-08 1.076889346591021479e-02
1.894286122335037362e+03 3.633616674486592615e-08 1.053776249088891372e-02
1.897459130915163087e+03 3.630910356875095381e-08 1.055932712091898172e-02
1.900632139495288811e+03 3.551386283883919911e-08 1.035685814338621266e-02
1.903805148075414536e+03 3.541708319894817581e-08 1.035738897071093734e-02
1.906978156655540261e+03 3.440506928858712435e-08 1.008939908738755269e-02
1.910151165235665985e+03 3.459870253921025738e-08 1.017433521997973545e-02
1.913324173815791482e+03 3.369831282158839045e-08 9.937010648824504133e-03
1.916497182395917207e+03 3.315870402156667407e-08 9.804930584479881056e-03
1.919670190976042932e+03 3.310839409706243279e-08 9.817083492749336879e-03
1.922843199556168656e+03 3.220499631360757768e-08 9.575534783036014630e-03
1.926016208136294381e+03 3.168028132328894767e-08 9.445441416849954461e-03
1.929189216716420106e+03 3.165257876238262195e-08 9.463108242006230617e-03
1.932362225296545830e+03 3.159763390373972015e-08 9.472591190347094681e-03
1.935535233876671327e+03 3.090221839202767743e-08 9.289481195319802473e-03
1.938708242456797052e+03 2.997199647922220821e-08 9.034478751086467627e-03
1.941881251036922777e+03 3.009006504232508923e-08 9.094822779492566650e-03
1.945054259617048501e+03 2.953762068871471474e-08 8.952171168748830968e-03
1.948227268197174226e+03 2.890477456994138882e-08 8.784201362537113339e-03
1.951400276777299950e+03 2.839638291290900009e-08 8.653137953807652633e-03
1.954573285357425675e+03 2.881216849218279179e-08 8.803645444481226698e-03
1.957746293937551172e+03 2.810166601191025122e-08 8.609793832043074330e-03
1.960919302517676897e+03 2.737873406943540783e-08 8.410972881745240257e-03
1.964092311097802622e+03 2.732796769161875082e-08 8.418030495888715464e-03
1.967265319677928346e+03 2.700444336744723066e-08 8.340782372037147327e-03
1.970438328258054071e+03 2.645817174553102645e-08 8.194036779466382092e-03
1.973611336838179795e+03 2.613507935853838997e-08 8.115710408326965927e-03
1.976784345418305520e+03 2.572476536420904143e-08 8.009712186053100438e-03
1.979957353998431017e+03 2.535734163787703672e-08 7.916443481136532095e-03
1.983130362578556742e+03 2.502366347803643887e-08 7.833147972142837090e-03
1.986303371158682467e+03 2.485302936381961669e-08 7.800491460561441957e-03
1.989476379738808191e+03 2.447057541020694044e-08 7.700911997124212580e-03
1.992649388318933916e+03 2.412562451917005448e-08 7.612548070394126523e-03
1.995822396899059640e+03 2.366209134052903566e-08 7.486111299700949108e-03
1.998995405479185138e+03 2.360159072231385090e-08 7.486766151065512263e-03
2.002168414059310862e+03 2.317184603510262477e-08 7.369900825151486611e-03
2.005341422639436587e+03 2.259534441260810074e-08 7.205534027601191716e-03
2.008514431219562312e+03 2.264993575438050321e-08 7.242000803215183774e-03
2.011687439799688036e+03 2.212956493528692166e-08 7.094259162420124554e-03
2.014860448379813761e+03 2.193524502120011588e-08 7.050459835429963296e-03
2.018033456959939485e+03 2.158656851892908841e-08 6.956608252710848317e-03
2.021206465540064983e+03 2.140482872382856089e-08 6.916125866911235903e-03
2.024379474120190707e+03 2.102419199477040388e-08 6.810921203683432262e-03
2.027552482700316432e+03 2.058591510943711922e-08 6.686369179221372284e-03
2.030725491280442156e+03 2.037830182313095355e-08 6.636208529411003962e-03
2.033898499860567881e+03 2.039139667541502701e-08 6.657774780674145972e-03
2.037071508440693606e+03 1.977275081013743035e-08 6.472581844247381026e-03
2.040244517020819330e+03 1.955793345137889185e-08 6.418890932669120766e-03
2.043417525600944828e+03 1.921526964710828686e-08 6.322783913350304465e-03
2.046590534181070552e+03 1.929362642396852831e-08 6.365005750530223008e-03
2.049763542761196277e+03 1.856540840235794348e-08 6.140599620232597977e-03
2.052936551341321774e+03 1.870571435885443540e-08 6.202977085652931939e-03
2.056109559921447726e+03 1.821067409576842565e-08 6.054381398705974658e-03
2.059282568501573223e+03 1.803557655859196143e-08 6.011598062369791565e-03
2.062455577081699175e+03 1.753328161054040123e-08 5.859189533291388370e-03
2.065628585661824673e+03 1.768598639403593446e-08 5.925381878828363778e-03
2.068801594241950625e+03 1.714222552497238714e-08 5.757915336328956607e-03
2.071974602822076122e+03 1.695554192198727560e-08 5.709775786614719809e-03
2.075147611402201619e+03 1.674391320003052598e-08 5.652908492583319511e-03
2.078320619982327571e+03 1.644882367242596304e-08 5.567442698631876880e-03
2.081493628562453068e+03 1.622963889323115072e-08 5.507239962326230566e-03
2.084666637142579020e+03 1.586772647015284597e-08 5.398118311572150385e-03
2.087839645722704518e+03 1.594401636750821216e-08 5.437838414102075073e-03
2.091012654302830470e+03 1.547283367761674466e-08 5.290511047974602067e-03
2.094185662882955967e+03 1.519608561903252927e-08 5.209032117583028108e-03
2.097358671463081464e+03 1.513651812130016421e-08 5.201722283289336203e-03
2.100531680043207416e+03 1.494453969070021649e-08 5.148704131917754973e-03
2.103704688623332913e+03 1.443378248965929330e-08 4.985263457571834783e-03
2.106877697203458865e+03 1.437527918539142890e-08 4.977544649031190316e-03
2.110050705783584363e+03 1.413911244160736631e-08 4.908064949374938216e-03
2.113223714363710315e+03 1.404972961952911710e-08 4.889267053976521261e-03
2.116396722943835812e+03 1.358022848943594559e-08 4.737714408706143222e-03
2.119569731523961309e+03 1.366044031528787032e-08 4.777612031336050599e-03
2.122742740104087261e+03 1.323014430042081790e-08 4.638670470038452724e-03
2.125915748684212758e+03 1.317878093832619911e-08 4.632178868484547983e-03
2.129088757264338710e+03 1.279462728042279060e-08 4.508346112312101341e-03
2.132261765844464207e+03 1.287226396053156759e-08 4.546973984941206012e-03
2.135434774424590159e+03 1.239899772803663668e-08 4.390666305440406141e-03
2.138607783004715657e+03 1.220661773877963029e-08 4.333251700797653184e-03
2.141780791584841154e+03 1.203792929060504204e-08 4.283941058283152921e-03
2.144953800164967106e+03 1.196176931452585975e-08 4.267353888294345837e-03
2.148126808745092603e+03 1.153506296842593927e-08 4.125277438071302434e-03
2.151299817325218555e+03 1.140804718612257166e-08 4.089901757799600801e-03
2.154472825905344052e+03 1.137821657147717195e-08 4.089239655680121030e-03
2.157645834485470004e+03 1.102482483672788778e-08 3.971963937140010788e-03
2.160818843065595502e+03 1.081716428130223369e-08 3.906705639117821934e-03
2.163991851645720999e+03 1.083839264588282705e-08 3.923957083549369299e-03
2.167164860225846951e+03 1.050252757258616556e-08 3.811656425029974395e-03
2.170337868805972448e+03 1.017760332692116163e-08 3.702750368725807144e-03
2.173510877386098400e+03 1.005057176478399075e-08 3.665448586349383947e-03
2.176683885966223897e+03 1.009331359052821668e-08 3.689997202632920841e-03
2.179856894546349849e+03 9.764636141422898792e-09 3.578513863775659252e-03
2.183029903126475347e+03 9.397710692330653940e-09 3.452403479943587632e-03
2.186202911706600844e+03 9.508914797084471521e-09 3.501722580133531573e-03
2.189375920286726796e+03 9.290494253502360830e-09 3.429567706053774593e-03
2.192548928866852293e+03 8.934307443702758729e-09 3.306052274434081659e-03
2.195721937446978245e+03 8.709377153590637895e-09 3.230596111542696595e-03
2.198894946027103742e+03 8.829719037937548652e-09 3.283127027462521240e-03
2.202067954607229240e+03 8.487422242727710882e-09 3.163445353864159735e-03
2.205240963187355192e+03 8.230058519578793051e-09 3.074890643894382519e-03
2.208413971767480689e+03 8.198070026405774849e-09 3.070287895890525063e-03
2.211586980347606641e+03 8.132092869028888257e-09 3.052875104175421794e-03
2.214759988927732138e+03 7.727240754258984349e-09 2.907829191438368426e-03
2.217932997507858090e+03 7.574847470396348406e-09 2.857291806841773599e-03
2.221106006087983587e+03 7.491939067972521872e-09 2.832759561313473798e-03
2.224279014668109085e+03 7.368007533823934825e-09 2.792536352335742589e-03
2.227452023248235037e+03 7.047573717593568561e-09 2.677442944779168024e-03
2.230625031828360534e+03 6.963235637766482533e-09 2.651685687771138198e-03
2.233798040408486486e+03 6.803614711905372007e-09 2.597045474774419948e-03
2.236971048988611983e+03 6.649967849310814288e-09 2.544408384754723047e-03
2.240144057568737935e+03 6.351415208680259737e-09 2.435924090785708714e-03
2.243317066148863432e+03 6.393493024153315448e-09 2.457853327506696536e-03
2.246490074728988930e+03 6.152291520441354012e-09 2.370706258365638981e-03
2.249663083309114882e+03 5.979716719506032527e-09 2.309633551604397747e-03
2.252836091889240379e+03 5.741017802177408014e-09 2.222652417441445000e-03
2.256009100469366331e+03 5.749594280020134645e-09 2.231200567924261028e-03
2.259182109049491828e+03 5.531121883552656692e-09 2.151453491112108665e-03
2.262355117629617780e+03 5.309836346793970382e-09 2.070216488302775541e-03
2.265528126209743277e+03 5.180633018745528838e-09 2.024565940007851377e-03
2.268701134789868775e+03 4.994019972162185764e-09 1.956196249779480409e-03
2.271874143369994727e+03 4.824305729475349183e-09 1.894124858269834177e-03
2.275047151950120224e+03 4.686510503636339259e-09 1.844308629417255960e-03
2.278220160530246176e+03 4.517209744177409369e-09 1.781816901597246166e-03
2.281393169110371673e+03 4.460614576057851689e-09 1.763579034626448338e-03
2.284566177690497625e+03 4.308934380532606706e-09 1.707560573175372510e-03
2.287739186270623122e+03 4.167294986582211395e-09 1.655255713232063044e-03
2.290912194850748620e+03 4.107521213838347700e-09 1.635286639403636926e-03
2.294085203430874571e+03 3.883585027840081509e-09 1.549703894307178156e-03
2.297258212011000069e+03 3.896584654961586513e-09 1.558477262047397189e-03
2.300431220591126021e+03 3.718302763565284266e-09 1.490596753951653778e-03
2.303604229171251518e+03 3.690206134907002635e-09 1.482735680344613978e-03
2.306777237751377470e+03 3.566323171640285509e-09 1.436250272974037064e-03
2.309950246331502967e+03 3.524908469367530248e-09 1.422827401825676888e-03
2.313123254911628464e+03 3.373514071190679757e-09 1.364836046169643977e-03
2.316296263491754416e+03 3.369152302496623824e-09 1.366189116754966447e-03
2.319469272071879914e+03 3.172502554225692216e-09 1.289386205147428997e-03
2.322642280652005866e+03 3.214380825760195189e-09 1.309386547386633907e-03
2.325815289232131363e+03 3.036797651465992940e-09 1.239865445984223661e-03
2.328988297812257315e+03 3.016121455038103756e-09 1.234224993089827731e-03
2.332161306392382812e+03 2.962317381096961511e-09 1.214961630280379399e-03
2.335334314972508309e+03 2.903738617087557653e-09 1.193637959839717469e-03
2.338507323552634261e+03 2.773946129829455880e-09 1.142867580538677562e-03
2.341680332132759759e+03 2.773421364278024668e-09 1.145236560201143500e-03
2.344853340712885711e+03 2.634787273272275834e-09 1.090448179569028855e-03
2.348026349293011208e+03 2.606406918643570443e-09 1.081136418077928082e-03
2.351199357873137160e+03 2.504400329544906090e-09 1.041164878525694271e-03
2.354372366453262657e+03 2.515549026238620004e-09 1.048153057258958444e-03
2.357545375033388154e+03 2.431732688373157034e-09 1.015506248161171955e-03
2.360718383613514106e+03 2.394915757484401038e-09 1.002375734774224765e-03
2.363891392193639604e+03 2.301987036494386929e-09 9.656403518946906099e-04
2.367064400773765556e+03 2.254813629687697372e-09 9.479689398171207071e-04
2.370237409353891053e+03 2.201279809502518953e-09 9.275307802889184170e-04
2.373410417934016550e+03 2.145147129310011031e-09 9.058963123165508780e-04
2.376583426514142502e+03 2.094406845640379982e-09 8.864402937974895412e-04
2.379756435094267999e+03 2.048323599519941725e-09 8.688658976485017773e-04
2.382929443674393951e+03 2.015531783261611243e-09 8.568568838669343105e-04
2.386102452254519449e+03 1.951908927832072239e-09 8.316514753046775439e-04
2.389275460834645401e+03 1.913032888695706378e-09 8.168948176246904752e-04
2.392448469414770898e+03 1.864165455243241045e-09 7.977903455594417825e-04
2.395621477994896395e+03 1.830810105764277416e-09 7.852482270355376145e-04
2.398794486575022347e+03 1.745603330379945972e-09 7.503558943566105473e-04
2.401967495155147844e+03 1.721796639802084542e-09 7.417548578051445839e-04
2.405140503735273796e+03 1.710189865824379142e-09 7.383774339061522415e-04
2.408313512315399294e+03 1.664389614006855234e-09 7.201838326456372254e-04
2.411486520895525246e+03 1.618055712657379768e-09 7.016731673744336373e-04
2.414659529475650743e+03 1.569350562962744415e-09 6.820451729016698082e-04
2.417832538055776240e+03 1.532772373774984188e-09 6.676077361348561629e-04
2.421005546635902192e+03 1.508484437739817355e-09 6.584666871055521635e-04
2.424178555216027689e+03 1.452323458662158312e-09 6.353373112869371234e-04
2.427351563796153641e+03 1.424213903095056310e-09 6.244001859557401710e-04
2.430524572376279139e+03 1.394093385559973745e-09 6.125269856140148385e-04
2.433697580956405091e+03 1.374063079395853728e-09 6.050403720870102314e-04
2.436870589536530588e+03 1.337632183961092972e-09 5.902792095413632962e-04
2.440043598116656085e+03 1.293776669547988505e-09 5.721658841898205573e-04
2.443216606696782037e+03 1.264992723636447181e-09 5.606493377559543679e-04
2.446389615276907534e+03 1.242606296816243625e-09 5.519201596760548367e-04
2.449562623857033486e+03 1.173236283894118942e-09 5.222355077936322466e-04
2.452735632437158984e+03 1.180539473228598899e-09 5.266212912950385579e-04
2.455908641017284936e+03 1.152988595031168179e-09 5.154406785011811680e-04
2.459081649597410433e+03 1.117315731259566352e-09 5.005692435610966089e-04
2.462254658177535930e+03 1.115337309315211093e-09 5.007579386241288368e-04
2.465427666757661882e+03 1.047303892336859523e-09 4.712230143462914594e-04
2.468600675337787379e+03 1.031781321037024769e-09 4.652350223003286168e-04
2.471773683917913331e+03 1.016433991184416928e-09 4.592970828128059872e-04
2.474946692498038828e+03 9.661258004675962641e-10 4.374986951622574882e-04
2.478119701078164780e+03 9.571369645851969329e-10 4.343547310245252785e-04
2.481292709658290278e+03 9.435638578289400193e-10 4.291093358114203386e-04
2.484465718238415775e+03 8.999843586991237726e-10 4.101631526383203957e-04
2.487638726818541727e+03 8.953208788250187435e-10 4.089067009448753352e-04
2.490811735398667224e+03 8.614274020978408658e-10 3.942637557146616415e-04
2.493984743978793176e+03 8.399306651463964709e-10 3.852415233065348038e-04
2.497157752558918673e+03 8.073259846305678466e-10 3.710726072006814051e-04
2.500330761139044625e+03 7.758547501522345559e-10 3.573629545278367747e-04
2.503503769719170123e+03 7.588726916854062191e-10 3.502805376742921476e-04
2.506676778299295620e+03 7.549643290453981093e-10 3.492129404900633813e-04
2.509849786879421572e+03 7.325073930954681972e-10 3.395404831341846145e-04
2.513022795459547069e+03 7.206622340872466227e-10 3.347540272362146811e-04
2.516195804039673021e+03 6.949973100639938867e-10 3.235120884944308337e-04
2.519368812619798518e+03 6.627751506120008106e-10 3.091617796423863120e-04
2.522541821199924016e+03 6.432318274804100720e-10 3.006755753213413793e-04
2.525714829780049968e+03 6.213096593424685819e-10 2.910372842541308252e-04
2.528887838360175465e+03 6.015530267125615378e-10 2.823730183157438208e-04
2.532060846940301417e+03 6.057746912936829472e-10 2.849495800978311521e-04
2.535233855520426914e+03 5.847873333591120192e-10 2.756521177902742617e-04
2.538406864100552866e+03 5.618675800773462660e-10 2.654010864385115834e-04
2.541579872680678363e+03 5.416193466974993301e-10 2.563699428644671094e-04
2.544752881260803861e+03 5.211838548192831238e-10 2.472105371820090933e-04
2.547925889840929813e+03 5.110032036602803936e-10 2.428855114522493973e-04
2.551098898421055310e+03 4.837684670704558849e-10 2.304179891333674028e-04
2.554271907001181262e+03 4.709035420786375145e-10 2.247555899108788112e-04
2.557444915581306759e+03 4.751846030068852013e-10 2.272686369542748397e-04
2.560617924161432711e+03 4.620488564080988953e-10 2.214432950190122721e-04
2.563790932741558208e+03 4.472491895764620627e-10 2.147932228403531189e-04
2.566963941321683706e+03 4.213862025634633324e-10 2.027900263090179269e-04
2.570136949901809658e+03 4.008483580613674047e-10 1.933038710854675403e-04
2.573309958481935155e+03 3.893029659940777055e-10 1.881227045010364324e-04
2.576482967062061107e+03 3.702456633993283408e-10 1.792814846419396916e-04
2.579655975642186604e+03 3.530302499028293843e-10 1.712964017374801772e-04
2.582828984222312556e+03 3.655287029838800700e-10 1.777246104694306839e-04
2.586001992802438053e+03 3.467803228332366945e-10 1.689542828538766553e-04
2.589175001382563551e+03 3.316822179195717940e-10 1.619289615979143445e-04
2.592348009962689503e+03 3.174869728425516354e-10 1.553154818354479509e-04
2.595521018542815000e+03 3.078532001145087974e-10 1.509099664872203483e-04
2.598694027122940952e+03 2.940239650950538744e-10 1.444246455679787247e-04
2.601867035703066449e+03 2.732266475956273034e-10 1.344822247112142943e-04
2.605040044283192401e+03 2.661644949499992635e-10 1.312726124560387240e-04
2.608213052863317898e+03 2.732002350645008145e-10 1.350162916088857841e-04
2.611386061443443396e+03 2.604358602753405043e-10 1.289691743731581294e-04
2.614559070023569348e+03 2.466575508060783034e-10 1.223935444229487448e-04
2.617732078603694845e+03 2.287982605756540956e-10 1.137613429227883616e-04
2.620905087183820797e+03 2.206802465092752062e-10 1.099467214339074940e-04
2.624078095763946294e+03 2.146294035601210454e-10 1.071479366103501049e-04
2.627251104344072246e+03 1.981656209483269816e-10 9.912829077782788574e-05
2.630424112924197743e+03 1.868855279157991049e-10 9.367390678637594974e-05
2.633597121504323241e+03 1.997363339717676698e-10 1.003165618535873163e-04
2.636770130084449193e+03 1.893870949828735241e-10 9.530978712250114853e-05
2.639943138664574690e+03 1.737143426651285371e-10 8.759782006717438646e-05
2.643116147244700642e+03 1.638558821933040485e-10 8.279214153196024027e-05
2.646289155824826139e+03 1.471774544279806056e-10 7.451381209987695232e-05
2.649462164404952091e+03 1.401337891578334746e-10 7.108954510631983377e-05
2.652635172985077588e+03 1.323055606366127291e-10 6.725232513819311521e-05
2.655808181565203085e+03 1.212723240359918780e-10 6.176695726080479436e-05
2.658981190145329037e+03 1.418992370712067717e-10 7.241671756305128802e-05
2.662154198725454535e+03 1.284668916103799008e-10 6.569211253988230064e-05
2.665327207305580487e+03 1.237668544037835980e-10 6.341450023638520552e-05
2.668500215885705984e+03 1.148435817691821914e-10 5.895927475280999695e-05
2.671673224465831936e+03 1.031515600281429814e-10 5.306172491223137665e-05
2.674846233045957433e+03 8.818762005256061093e-11 4.545402266351218922e-05
2.678019241626082930e+03 7.935658887921230800e-11 4.098319508527402947e-05
2.681192250206208882e+03 7.368959045501765891e-11 3.813169130721374224e-05
2.684365258786334380e+03 9.209209108113778500e-11 4.774834797544503276e-05
2.687538267366460332e+03 8.272579036441566715e-11 4.297659658978251584e-05
2.690711275946585829e+03 7.500518718454319504e-11 3.904239615041668658e-05
2.693884284526711326e+03 6.775942652133317762e-11 3.534011428131471452e-05
2.697057293106837278e+03 6.034496766910675917e-11 3.153489185196954738e-05
2.700230301686962775e+03 5.331611216059716221e-11 2.791642601374520719e-05
2.703403310267088727e+03 4.133107760654784162e-11 2.168343740731746081e-05
2.706576318847214225e+03 3.399154398757843217e-11 1.786781118934497797e-05
2.709749327427340177e+03 5.089358870953648641e-11 2.680474033164118876e-05
2.712922336007465674e+03 4.819562920389270816e-11 2.543333176511350835e-05
2.716095344587591171e+03 4.311423362065505675e-11 2.279619461361300558e-05
2.719268353167717123e+03 3.761282004925309236e-11 1.992611703808907809e-05
2.722441361747842620e+03 3.363580576343169114e-11 1.785388472697887631e-05
2.725614370327968572e+03 2.821418377039213325e-11 1.500519031011420771e-05
2.728787378908094070e+03 1.951751729069004573e-11 1.040017712103986421e-05
2.731960387488220022e+03 7.790468338916531323e-12 4.159306231911334162e-06
2.735133396068345519e+03 2.240385905431823305e-11 1.198451193671005192e-05
2.738306404648471016e+03 2.004276351136136945e-11 1.074222733900764490e-05
2.741479413228596968e+03 1.671870657160606704e-11 8.977959814805114530e-06
2.744652421808722465e+03 1.403013099003931430e-11 7.548731570620288364e-06
2.747825430388848417e+03 1.245759455284709653e-11 6.715568081785760557e-06
2.750998438968973915e+03 9.910441912635897354e-12 5.352749590952134608e-06
2.754171447549099867e+03 7.709506576954445605e-12 4.172005471839040427e-06
2.757344456129225364e+03 0.000000000000000000e+00 0.000000000000000000e+00
2.760517464709350861e+03 6.391916843962732523e-12 3.472284338848384733e-06
2.763690473289476813e+03 4.619762040036321209e-12 2.514405251936162524e-06
2.766863481869602310e+03 3.683302210768826423e-12 2.008554279641272955e-06
2.770036490449728262e+03 2.227721671440075441e-12 1.217129382264868925e-06
2.773209499029853760e+03 1.078507959334830596e-12 5.903748112115318608e-07
2.776382507609979712e+03 1.070305297923757501e-12 5.870023514653449793e-07
2.779555516190105209e+03 1.823947160014923254e-13 1.002238712225582972e-07
2.782728524770230706e+03 0.000000000000000000e+00 0.000000000000000000e+00
