0.000000000000000000e+00 7.463143473882638192e-06 0.000000000000000000e+00
6.283185307179586232e+00 3.989646264903684569e-02 8.535602304913070260e-01
1.256637061435917246e+01 1.262081738858991144e-02 8.572429516537330985e-01
1.884955592153875870e+01 7.027990745756072799e-03 9.382812824052723100e-01
2.513274122871834493e+01 4.432404278676161172e-03 9.558119696880683636e-01
3.141592653589793116e+01 4.099581428027456939e-03 1.282299003714382657e+00
3.769911184307751739e+01 3.174682326451129868e-03 1.345608759240562557e+00
4.398229715025710362e+01 2.727807243660584826e-03 1.494893289142213533e+00
5.026548245743668986e+01 2.330225422956498389e-03 1.595319578369462699e+00
5.654866776461627609e+01 2.076106505962824894e-03 1.729631525353025223e+00
6.283185307179586232e+01 1.749520458622515900e-03 1.737342615644338784e+00
6.911503837897544145e+01 1.640005830695202014e-03 1.908972393677532908e+00
7.539822368615503478e+01 1.527676100242513239e-03 2.055731899483962621e+00
8.168140899333462812e+01 1.345584005714805728e-03 2.069106526957200209e+00
8.796459430051420725e+01 1.138780637374776916e-03 1.981313723379637182e+00
9.424777960769378637e+01 1.125849865416075554e-03 2.197517585952963870e+00
1.005309649148733797e+02 9.682844390466067161e-04 2.104599054116084389e+00
1.068141502220529730e+02 9.167246102712288966e-04 2.204382087818916425e+00
1.130973355292325522e+02 7.724532345301065835e-04 2.043115029226071133e+00
1.193805208364121313e+02 7.421426325107064598e-04 2.148043948127722924e+00
1.256637061435917246e+02 6.580225499573043833e-04 2.074549890334278057e+00
1.319468914507713180e+02 5.953649817955803010e-04 2.036019306464733614e+00
1.382300767579508829e+02 5.308687923409064141e-04 1.961815271638050140e+00
1.445132620651304762e+02 4.864329250192576644e-04 1.935838563717168892e+00
1.507964473723100696e+02 4.281243647033737792e-04 1.829034066661607394e+00
1.570796326794896629e+02 4.035407188389249374e-04 1.845385731520998052e+00
1.633628179866692562e+02 3.470060729699252591e-04 1.694048224922575674e+00
1.696460032938488212e+02 3.293270225021009581e-04 1.712116930383775770e+00
1.759291886010284145e+02 2.818901683899354858e-04 1.557075824793742180e+00
1.822123739082080078e+02 2.648561184168885994e-04 1.551099961552053541e+00
1.884955592153875727e+02 2.287952239310438543e-04 1.417801700288161548e+00
1.947787445225671661e+02 2.178893644059552812e-04 1.426062749338367741e+00
2.010619298297467594e+02 1.874136297249425907e-04 1.293255248836026716e+00
2.073451151369263528e+02 1.716009637894370357e-04 1.246453466581218361e+00
2.136283004441059461e+02 1.547031605224966479e-04 1.181037883831605129e+00
2.199114857512855110e+02 1.407782639083837121e-04 1.127929943916038846e+00
2.261946710584651044e+02 1.271867542371265018e-04 1.068019460989922065e+00
2.324778563656446977e+02 1.124435401709948011e-04 9.883342167700354119e-01
2.387610416728242626e+02 1.024059835424513735e-04 9.410176617213957817e-01
2.450442269800038559e+02 9.308531925001862692e-05 8.932135819501018092e-01
2.513274122871834493e+02 8.209827458184184115e-05 8.217388047139766449e-01
2.576105975943630142e+02 7.635890684151921146e-05 7.964024318801575797e-01
2.638937829015426360e+02 6.853688338273222129e-05 7.441142409742067532e-01
2.701769682087222009e+02 6.230786021189303444e-05 7.035420233701782378e-01
2.764601535159017658e+02 5.573717564824726112e-05 6.539319139278901849e-01
2.827433388230813875e+02 4.991422922778818958e-05 6.079646658858121056e-01
2.890265241302609525e+02 4.508183588846219098e-05 5.695927163137181060e-01
2.953097094374405742e+02 4.109191995093182869e-05 5.381284798908728684e-01
3.015928947446201391e+02 3.716556050900390331e-05 5.040912935074610690e-01
3.078760800517997041e+02 3.392550988886959551e-05 4.762331589566016765e-01
3.141592653589793258e+02 2.998304255372497592e-05 4.353034965593011729e-01
3.204424506661588907e+02 2.760939528458565185e-05 4.142924021458395667e-01
3.267256359733385125e+02 2.451761028801828802e-05 3.799999074934225507e-01
3.330088212805180774e+02 2.285539532775409760e-05 3.656635188477925791e-01
3.392920065876976423e+02 1.996864092436019433e-05 3.295878711138836015e-01
3.455751918948772641e+02 1.886031621013538955e-05 3.209617157147909294e-01
3.518583772020568290e+02 1.670699166909751513e-05 2.929845696208157046e-01
3.581415625092363939e+02 1.533450080406286451e-05 2.769666741649288721e-01
3.644247478164160157e+02 1.412906387057215422e-05 2.626998500569331929e-01
3.707079331235955806e+02 1.280743392082424415e-05 2.450089357385090150e-01
3.769911184307751455e+02 1.181974248048867664e-05 2.325376142626222054e-01
3.832743037379547673e+02 1.065353130060264550e-05 2.154483100119968797e-01
3.895574890451343322e+02 9.810994955615716907e-06 2.038601387730133996e-01
3.958406743523139539e+02 9.133593851934854941e-06 1.949137118453208306e-01
4.021238596594935188e+02 8.151558293254456558e-06 1.785831075237265531e-01
4.084070449666730838e+02 7.797917113400738961e-06 1.753075645142884442e-01
4.146902302738527055e+02 6.947389312487867208e-06 1.602118527221093880e-01
4.209734155810322704e+02 6.626556824893267692e-06 1.566915987065119753e-01
4.272566008882118922e+02 6.053425281730833629e-06 1.467176924923128400e-01
4.335397861953914571e+02 5.605248685345067276e-06 1.392012549610818495e-01
4.398229715025710220e+02 5.256680918160343787e-06 1.337133583363826761e-01
4.461061568097506438e+02 4.905134161522613813e-06 1.277559842466386708e-01
4.523893421169302087e+02 4.573140060723839145e-06 1.219181724431154801e-01
4.586725274241097736e+02 4.341882393343065143e-06 1.184447829774332717e-01
4.649557127312893954e+02 4.000740285087300296e-06 1.116416739025640481e-01
4.712388980384689603e+02 3.846231429552008083e-06 1.097582815080554580e-01
4.775220833456485252e+02 3.575418904593125151e-06 1.043076192780645201e-01
4.838052686528281470e+02 3.411815601866505644e-06 1.017270709795803779e-01
4.900884539600077119e+02 3.218988854347434306e-06 9.806414768043969499e-02
4.963716392671873336e+02 3.024894886473486672e-06 9.412866237751010834e-02
5.026548245743668986e+02 2.868863388670255407e-06 9.116461323392298366e-02
5.089380098815464635e+02 2.738822257187927062e-06 8.885297916725383438e-02
5.152211951887260284e+02 2.625553739769587785e-06 8.693816041490455560e-02
5.215043804959057070e+02 2.489342152902372627e-06 8.411004418602460730e-02
5.277875658030852719e+02 2.352462552545418520e-06 8.108763666749921328e-02
5.340707511102648368e+02 2.286956311594690712e-06 8.039996475200208992e-02
5.403539364174444017e+02 2.159559373128062857e-06 7.741569458221983502e-02
5.466371217246239667e+02 2.076394910735716827e-06 7.588253380361968670e-02
5.529203070318035316e+02 1.960943315168243444e-06 7.304143112975836072e-02
5.592034923389832102e+02 1.933580123355352771e-06 7.339142124382760923e-02
5.654866776461627751e+02 1.824115834654196878e-06 7.053798396641698665e-02
5.717698629533423400e+02 1.748160988045049013e-06 6.885733214449896167e-02
5.780530482605219049e+02 1.694852652479808640e-06 6.798473988110854960e-02
5.843362335677014698e+02 1.621166445966440848e-06 6.621132839832871708e-02
5.906194188748811484e+02 1.548761471153146517e-06 6.439182577756520642e-02
5.969026041820607134e+02 1.497005579775977934e-06 6.334746037071349589e-02
6.031857894892402783e+02 1.430816171328482795e-06 6.161252522532576631e-02
6.094689747964198432e+02 1.389566957644143246e-06 6.087871583066963022e-02
6.157521601035994081e+02 1.331313133813516023e-06 5.933215508425956214e-02
6.220353454107790867e+02 1.276180343788217001e-06 5.784562121832770298e-02
6.283185307179586516e+02 1.219971176339091233e-06 5.623189040325412419e-02
6.346017160251382165e+02 1.190271750920013808e-06 5.578038789955737375e-02
6.408849013323177815e+02 1.130489993985838812e-06 5.385592088014280049e-02
6.471680866394973464e+02 1.100526235637917529e-06 5.328793472663706510e-02
6.534512719466770250e+02 1.055288274635619354e-06 5.192698718406740799e-02
6.597344572538565899e+02 1.017602105905016501e-06 5.087759916586208353e-02
6.660176425610361548e+02 9.757738243518608313e-07 4.956312940098189790e-02
6.723008278682157197e+02 9.453678310582988105e-07 4.877608027839878263e-02
6.785840131753952846e+02 8.947142741507430541e-07 4.688390088466647121e-02
6.848671984825748495e+02 8.769117880785414571e-07 4.666234052901329504e-02
6.911503837897545282e+02 8.300072445969437305e-07 4.484384115969061030e-02
6.974335690969340931e+02 8.128719603052292904e-07 4.458549112418495192e-02
7.037167544041136580e+02 7.805950305753212543e-07 4.345992113237769766e-02
7.099999397112932229e+02 7.538276194821434485e-07 4.259604056187729637e-02
7.162831250184727878e+02 7.239090132116783459e-07 4.151055278291003459e-02
7.225663103256524664e+02 7.024090363182500759e-07 4.086827162666493291e-02
7.288494956328320313e+02 6.747113788946793517e-07 3.982732430955649577e-02
7.351326809400115962e+02 6.543257637535328905e-07 3.918052378868858848e-02
7.414158662471911612e+02 6.272642640706988516e-07 3.809666907516734424e-02
7.476990515543707261e+02 6.120326088865282335e-07 3.769808402298605032e-02
7.539822368615502910e+02 5.919708177646475833e-07 3.697448684394208374e-02
7.602654221687299696e+02 5.763006324588510438e-07 3.649705544526671980e-02
7.665486074759095345e+02 5.558313836586062948e-07 3.568693333382119692e-02
7.728317927830890994e+02 5.472718725324051704e-07 3.561870241657218855e-02
7.791149780902686643e+02 5.302212805833920666e-07 3.497784724838644971e-02
7.853981633974482293e+02 5.204955039080546050e-07 3.479900165223150099e-02
7.916813487046279079e+02 4.979602156081469244e-07 3.373743043748510945e-02
7.979645340118074728e+02 4.937448437783384343e-07 3.389548783547614852e-02
8.042477193189870377e+02 4.746945602358267792e-07 3.301647101795995853e-02
8.105309046261666026e+02 4.415456708946522356e-07 3.111178499596570224e-02
8.168140899333461675e+02 4.092928678351257865e-07 2.921277932203741184e-02
8.230972752405258461e+02 3.812011831340858999e-07 2.755748078368473047e-02
8.293804605477054110e+02 3.574061590985238139e-07 2.616686526945213517e-02
8.356636458548849760e+02 3.326799489441405714e-07 2.466488765777352307e-02
8.419468311620645409e+02 3.072395653468282288e-07 2.306490056054338877e-02
8.482300164692441058e+02 2.911158463655275871e-07 2.212696798788135050e-02
8.545132017764237844e+02 2.730994053878796693e-07 2.101448328314597241e-02
8.607963870836033493e+02 2.573312303237482252e-07 2.004440745203085739e-02
8.670795723907829142e+02 2.415228471607419841e-07 1.904246404563839437e-02
8.733627576979624791e+02 2.272598177470277734e-07 1.813484167728956348e-02
8.796459430051420441e+02 2.159239736013459617e-07 1.743735880002255864e-02
8.859291283123216090e+02 2.010824691614017385e-07 1.643258337498126193e-02
8.922123136195012876e+02 1.907184667278101984e-07 1.577029320173875190e-02
8.984954989266808525e+02 1.813927213806290337e-07 1.517561730709744011e-02
9.047786842338604174e+02 1.704149906268964407e-07 1.442375695474310340e-02
9.110618695410399823e+02 1.630137157195309884e-07 1.395738091514410993e-02
9.173450548482195472e+02 1.514887468796553550e-07 1.312003257548531587e-02
9.236282401553992258e+02 1.455152003449295515e-07 1.274687421018211482e-02
9.299114254625787908e+02 1.366877160693033241e-07 1.210966492839738069e-02
9.361946107697583557e+02 1.293447736310209059e-07 1.158846143183324406e-02
9.424777960769379206e+02 1.225345582926216828e-07 1.110138425561417799e-02
9.487609813841174855e+02 1.161561165768609446e-07 1.064069781898621669e-02
9.550441666912970504e+02 1.108319455359373682e-07 1.026527805038370336e-02
9.613273519984767290e+02 1.056282212164251557e-07 9.890816202696718976e-03
9.676105373056562939e+02 9.886589345229010573e-08 9.358670223894931597e-03
9.738937226128358589e+02 9.366427954432464409e-08 8.962447151638840495e-03
9.801769079200154238e+02 8.856735336631539730e-08 8.566059989213130679e-03
9.864600932271949887e+02 8.423905056722972170e-08 8.234666175196948823e-03
9.927432785343746673e+02 7.984026663997924161e-08 7.887697333828410165e-03
9.990264638415542322e+02 7.628298771470465734e-08 7.615925414043197249e-03
1.005309649148733797e+03 7.128444519523879594e-08 7.191638668160189700e-03
1.011592834455913362e+03 6.815701560303716017e-08 6.947898622765512865e-03
1.017876019763092927e+03 6.449937277058537844e-08 6.643245410391075169e-03
1.024159205070272492e+03 5.992348314694134844e-08 6.235570169467891284e-03
1.030442390377452057e+03 5.775403432297955872e-08 6.071395447333018114e-03
1.036725575684631622e+03 5.412194817400898579e-08 5.747510526675977949e-03
1.043008760991811414e+03 5.068931245594078070e-08 5.437463164257236303e-03
1.049291946298990979e+03 4.806990506576189016e-08 5.208354028403530504e-03
1.055575131606170544e+03 4.471267067205868992e-08 4.893044825436820497e-03
1.061858316913350109e+03 4.303875025941019169e-08 4.756680049459358593e-03
1.068141502220529674e+03 3.916138386052156518e-08 4.370918208788899910e-03
1.074424687527709239e+03 3.723757382442675478e-08 4.197022928710681181e-03
1.080707872834888803e+03 3.482014420722331806e-08 3.962881543879180971e-03
1.086991058142068368e+03 3.182585915097508101e-08 3.657267743265290964e-03
1.093274243449247933e+03 3.017463523007806061e-08 3.500987470639862261e-03
1.099557428756427498e+03 2.726665596445748318e-08 3.193952160317393811e-03
1.105840614063607063e+03 2.549097450155808061e-08 3.014444776567926955e-03
1.112123799370786855e+03 2.287401528555107719e-08 2.730639059732001880e-03
1.118406984677966420e+03 2.105572234106814684e-08 2.537288957805337170e-03
1.124690169985145985e+03 1.884162862849424622e-08 2.291781829391094979e-03
1.130973355292325550e+03 1.650362419443561498e-08 2.026126770739084156e-03
1.137256540599505115e+03 1.486644728902704639e-08 1.842063514913047650e-03
1.143539725906684680e+03 1.299778344338758066e-08 1.625379298622750155e-03
1.149822911213864245e+03 1.182761228953697317e-08 1.492618007063946676e-03
1.156106096521043810e+03 1.063483946740774621e-08 1.354338083698375123e-03
1.162389281828223375e+03 9.622047884166175336e-09 1.236479276017570525e-03
1.168672467135402940e+03 8.761645013113038126e-09 1.136075011963418166e-03
1.174955652442582732e+03 8.075679467774000609e-09 1.056529265018317683e-03
1.181238837749762297e+03 7.353709047931993813e-09 9.706648554825633582e-04
1.187522023056941862e+03 6.540347541691391065e-09 8.709708379004342483e-04
1.193805208364121427e+03 6.030785914022048884e-09 8.102076894656531523e-04
1.200088393671300992e+03 5.578585147672824923e-09 7.560423538755013401e-04
1.206371578978480557e+03 4.866709085518773763e-09 6.653301661903944552e-04
1.212654764285660121e+03 4.388415102074512024e-09 6.051592322436186210e-04
1.218937949592839686e+03 4.181904250633923835e-09 5.816701116885325063e-04
1.225221134900019251e+03 3.654832257940001830e-09 5.127333686980711227e-04
1.231504320207198816e+03 3.266259521571865449e-09 4.621439318689252694e-04
1.237787505514378381e+03 2.937814790990608597e-09 4.192128346510573859e-04
1.244070690821558173e+03 2.780456881932542779e-09 4.001209233281683830e-04
1.250353876128737738e+03 2.484647399138470811e-09 3.605673022473538324e-04
1.256637061435917303e+03 2.155206518311235767e-09 3.153832797892291376e-04
1.262920246743096868e+03 1.963884123841720202e-09 2.897848892626579925e-04
1.269203432050276433e+03 1.720977320622758889e-09 2.560514326669148608e-04
1.275486617357455998e+03 1.519910183724066951e-09 2.280050338256784607e-04
1.281769802664635563e+03 1.265339748330604994e-09 1.913773531622664200e-04
1.288052987971815128e+03 1.240241746846388793e-09 1.891164156670367572e-04
1.294336173278994693e+03 1.019347071924289674e-09 1.566993617754690370e-04
1.300619358586174258e+03 8.685712166758060528e-10 1.346033254995102513e-04
1.306902543893354050e+03 6.765055730679047255e-10 1.056841967424808544e-04
1.313185729200533615e+03 6.656575217544755877e-10 1.048240900824780417e-04
1.319468914507713180e+03 5.650345346915573777e-10 8.968922356392609429e-05
1.325752099814892745e+03 4.158853658698736571e-10 6.653919026159918091e-05
1.332035285122072310e+03 2.880820943915872332e-10 4.645607147675880777e-05
1.338318470429251875e+03 3.205694344857383247e-10 5.210202033645145277e-05
1.344601655736431439e+03 2.481046024716584971e-10 4.064036098842666836e-05
1.350884841043611004e+03 1.539026038104004944e-10 2.540640292229755736e-05
1.357168026350790569e+03 9.385249785461613005e-11 1.561355754555320775e-05
1.363451211657970134e+03 9.461098892409883026e-11 1.586137814127750291e-05
1.369734396965149699e+03 4.938270154947076484e-11 8.342613326925304534e-06
1.376017582272329491e+03 2.473025734408015570e-11 4.209869249309813172e-06
1.382300767579509056e+03 6.421153639866760468e-12 1.101414129254780162e-06
