3.173008580125690870e+00 2.492141311012746260e-02 1.707489631343789283e-01
6.346017160251381739e+00 3.243451493541531921e-02 7.055202404201127431e-01
9.519025740377072609e+00 1.076028459449237043e-02 4.600565941320162167e-01
1.269203432050276348e+01 2.331682389786366230e-02 1.610230773720529029e+00
1.586504290062845435e+01 1.020493479045108190e-02 1.022223008455441340e+00
1.903805148075414522e+01 7.967765952439016461e-03 1.081535377420496546e+00
2.221106006087983786e+01 7.958378623250437697e-03 1.396711603617925457e+00
2.538406864100552696e+01 8.238910046821212169e-03 1.806363504843735424e+00
2.855707722113121605e+01 5.626217486806346299e-03 1.501087848896405674e+00
3.173008580125690870e+01 6.601303943566437862e-03 2.099335292488968108e+00
3.490309438138260134e+01 4.523363679415475999e-03 1.686170133654952386e+00
3.807610296150829043e+01 4.468327812550285973e-03 1.925598982961157501e+00
4.124911154163397953e+01 2.626142784891979248e-03 1.293230682424759914e+00
4.442212012175967573e+01 4.371169288041574369e-03 2.435546523935103291e+00
4.759512870188536482e+01 3.147562392236872772e-03 1.967486933707995878e+00
5.076813728201105391e+01 2.585697680000008207e-03 1.799822987313227207e+00
5.394114586213674301e+01 2.704455755936099881e-03 2.082636588701122893e+00
5.711415444226243210e+01 2.613185338550015786e-03 2.213484399881246567e+00
6.028716302238812830e+01 2.283658933591054332e-03 2.116765041718697393e+00
6.346017160251381739e+01 1.542044581855179716e-03 1.556917738118247074e+00
6.663318018263950648e+01 1.834626631464308585e-03 2.009240524055933452e+00
6.980618876276520268e+01 1.575236016704484408e-03 1.864241529993916124e+00
7.297919734289088467e+01 1.277543000713752749e-03 1.628198427960838357e+00
7.615220592301658087e+01 1.194194421192116542e-03 1.633851263529018327e+00
7.932521450314227707e+01 1.123962541222242421e-03 1.646028167661321762e+00
8.249822308326795905e+01 1.050997852307625647e-03 1.643145995120313341e+00
8.567123166339365525e+01 8.196559420558416180e-04 1.364656273395292052e+00
8.884424024351935145e+01 8.932074669889116534e-04 1.580039004690511950e+00
9.201724882364503344e+01 7.240644734917505397e-04 1.357977725704445859e+00
9.519025740377072964e+01 6.985431585460578300e-04 1.386268682917854322e+00
9.836326598389641163e+01 6.069090828396949419e-04 1.272072520209456936e+00
1.015362745640221078e+02 5.006538602652615792e-04 1.106384994885983408e+00
1.047092831441478040e+02 5.021913675750249188e-04 1.168183910552661686e+00
1.078822917242734860e+02 4.031183678989727864e-04 9.855595249932488366e-01
1.110553003043991822e+02 4.212068337977513074e-04 1.080755763124843449e+00
1.142283088845248642e+02 3.566748533511027467e-04 9.591695948787608561e-01
1.174013174646505604e+02 2.929204382446705954e-04 8.245265148996481219e-01
1.205743260447762566e+02 3.112537542982431117e-04 9.159519052480925572e-01
1.237473346249019386e+02 2.801098770208795418e-04 8.607720937087818269e-01
1.269203432050276348e+02 2.404794089926346129e-04 7.708383129685328905e-01
1.300933517851533168e+02 2.015743869552349087e-04 6.732771152164398476e-01
1.332663603652790130e+02 2.011055901237188321e-04 6.992380252381552586e-01
1.364393689454047092e+02 1.673790854226733544e-04 6.052489257056098415e-01
1.396123775255304054e+02 1.598477350283741740e-04 6.005922057955340732e-01
1.427853861056561016e+02 1.421403721501123126e-04 5.544431836315085738e-01
1.459583946857817693e+02 1.360980708116279342e-04 5.506814315386862058e-01
1.491314032659074655e+02 1.203745391853003945e-04 5.048354125060781072e-01
1.523044118460331617e+02 1.064186725141671948e-04 4.622447389312326904e-01
1.554774204261588579e+02 9.909266930035231570e-05 4.454719928794048656e-01
1.586504290062845541e+02 8.756264550542425869e-05 4.071186136704850189e-01
1.618234375864102219e+02 8.264789291907121229e-05 3.971618181300490824e-01
1.649964461665359181e+02 7.397107381635497931e-05 3.671579250201298938e-01
1.681694547466616143e+02 6.374614053881236784e-05 3.266122148106843648e-01
1.713424633267873105e+02 6.255963722232305284e-05 3.306759161566893424e-01
1.745154719069130067e+02 5.367090387972243856e-05 2.925019748841393707e-01
1.776884804870387029e+02 5.163672464949156090e-05 2.899951998968836597e-01
1.808614890671643707e+02 4.666769066989418679e-05 2.699353822097543820e-01
1.840344976472900669e+02 4.028724088083111246e-05 2.398830665261547090e-01
1.872075062274157631e+02 3.965438786318673507e-05 2.429386872242203510e-01
1.903805148075414593e+02 3.287714706374903379e-05 2.071404676579163828e-01
1.935535233876671555e+02 3.241994634073090578e-05 2.099652519920654770e-01
1.967265319677928233e+02 2.763376314855686504e-05 1.838844157304503901e-01
1.998995405479185195e+02 2.754299606933327486e-05 1.882337553435576571e-01
2.030725491280442156e+02 2.585539365864490918e-05 1.813996822120480801e-01
2.062455577081699118e+02 2.321311924179764877e-05 1.671249052957145542e-01
2.094185662882956080e+02 2.020476890489715860e-05 1.492150140662091007e-01
2.125915748684212758e+02 2.039421012748774138e-05 1.544366259960801291e-01
2.157645834485469720e+02 1.814881913333963527e-05 1.408689587792626707e-01
2.189375920286726682e+02 1.553780363076549709e-05 1.235729811025396557e-01
2.221106006087983644e+02 1.597317878369819785e-05 1.301188341664835102e-01
2.252836091889240606e+02 1.524207560560104998e-05 1.271335293312444437e-01
2.284566177690497284e+02 1.307783861698555234e-05 1.116543236876737510e-01
2.316296263491754246e+02 1.301289015802026742e-05 1.136834578720219008e-01
2.348026349293011208e+02 1.207419661428918737e-05 1.079020892820398148e-01
2.379756435094268170e+02 1.094763205657716342e-05 1.000478382152257123e-01
2.411486520895525132e+02 1.003103744215990823e-05 9.371747580128199362e-02
2.443216606696782094e+02 1.024053671890088734e-05 9.778209515327564161e-02
2.474946692498038772e+02 9.329905683672071298e-06 9.102352891016134151e-02
2.506676778299295734e+02 8.744063410860283822e-06 8.713858994568400573e-02
2.538406864100552696e+02 8.618356415231557963e-06 8.770543487973714303e-02
2.570136949901809658e+02 8.086892338676364674e-06 8.401859928951817269e-02
2.601867035703066335e+02 7.559012284054220328e-06 8.015677135579338253e-02
2.633597121504323582e+02 7.279333332958554276e-06 7.876631084146927531e-02
2.665327207305580259e+02 6.900818210803136154e-06 7.617599596198627865e-02
2.697057293106837506e+02 7.018312553189755187e-06 7.901623374317577608e-02
2.728787378908094183e+02 5.998441446414209092e-06 6.886331416842637887e-02
2.760517464709350861e+02 6.289595788406448190e-06 7.361057906383955407e-02
2.792247550510608107e+02 5.437652028002520441e-06 6.486363403270520300e-02
2.823977636311864785e+02 5.589310835366912251e-06 6.794023076843393183e-02
2.855707722113122031e+02 5.286173583390013661e-06 6.546326768993873668e-02
2.887437807914378709e+02 5.292703551575132006e-06 6.676240415499695713e-02
2.919167893715635387e+02 4.784066612104894948e-06 6.145572423648615334e-02
2.950897979516892633e+02 4.875438045805405291e-06 6.376817193670947237e-02
2.982628065318149311e+02 4.377213963915833339e-06 5.828135086933253911e-02
3.014358151119406557e+02 4.564134909827231389e-06 6.185145104728596160e-02
3.046088236920663235e+02 3.945702828100463894e-06 5.441206050472483652e-02
3.077818322721919913e+02 4.165126303453901621e-06 5.843860093956947804e-02
3.109548408523177159e+02 3.839270693182573842e-06 5.479542133695358003e-02
3.141278494324433836e+02 4.051869099322586508e-06 5.881654030641906422e-02
3.173008580125691083e+02 3.378891966476091208e-06 4.987616470156910897e-02
3.204738665926947760e+02 3.636058591439107849e-06 5.456974276683123487e-02
3.236468751728204438e+02 3.367946018760750188e-06 5.138276677866722431e-02
3.268198837529461684e+02 3.342777106007366391e-06 5.183481319585027391e-02
3.299928923330718362e+02 2.963228216473195941e-06 4.669525414220080523e-02
3.331659009131975608e+02 3.079284457003382782e-06 4.930421544080038770e-02
3.363389094933232286e+02 2.828492289963335636e-06 4.600978305567154925e-02
3.395119180734488964e+02 2.889500683760572134e-06 4.774352805874850642e-02
3.426849266535746210e+02 2.658686721413732035e-06 4.461615803451816908e-02
3.458579352337002888e+02 2.669761860309789141e-06 4.549553382483793873e-02
3.490309438138260134e+02 2.513839002604876176e-06 4.349546847275059108e-02
3.522039523939516812e+02 2.444079967209115803e-06 4.293114321483242762e-02
3.553769609740774058e+02 2.308312833986179134e-06 4.115697510485514382e-02
3.585499695542030736e+02 2.323854308196542300e-06 4.205248973689425240e-02
3.617229781343287414e+02 2.120270925241289339e-06 3.893601683693450471e-02
3.648959867144544660e+02 2.184304982774306339e-06 4.070006359813149732e-02
3.680689952945801338e+02 2.025531779682730685e-06 3.829021347541916587e-02
3.712420038747058584e+02 1.978824179084461201e-06 3.794626675262311594e-02
3.744150124548315262e+02 1.932289592130078905e-06 3.758324752622247550e-02
3.775880210349571939e+02 1.872204276329308936e-06 3.693036324217794514e-02
3.807610296150829186e+02 1.832409217882776573e-06 3.665303616317078933e-02
3.839340381952085863e+02 1.805190307413105997e-06 3.661148581337584501e-02
3.871070467753343110e+02 1.728431760477766239e-06 3.553890424442679441e-02
3.902800553554599787e+02 1.677309567984366522e-06 3.496019294900413327e-02
3.934530639355856465e+02 1.607277319819573667e-06 3.395567507938634932e-02
3.966260725157113711e+02 1.629251314527509894e-06 3.488377788455008371e-02
3.997990810958370389e+02 1.574009312098988072e-06 3.415153930959315132e-02
4.029720896759627635e+02 1.523761009765797446e-06 3.349976822604010251e-02
4.061450982560884313e+02 1.381318187236479341e-06 3.076775133194435338e-02
4.093181068362140991e+02 1.313571257946668833e-06 2.964070746004009507e-02
4.124911154163398237e+02 1.220835236017606581e-06 2.790495887441225495e-02
4.156641239964654915e+02 1.104599303544754937e-06 2.557264610860577811e-02
4.188371325765912161e+02 1.067852112947881439e-06 2.503723741062035754e-02
4.220101411567168839e+02 1.003983342395123474e-06 2.383771664072580412e-02
4.251831497368425516e+02 9.418131299734497648e-07 2.264252289001233640e-02
4.283561583169682763e+02 8.705277471349014651e-07 2.118967569582526703e-02
4.315291668970939440e+02 8.395394450392731167e-07 2.068829485780428884e-02
4.347021754772196687e+02 7.792974995547043313e-07 1.943970359708756951e-02
4.378751840573453364e+02 7.211255110810666326e-07 1.820796519536220168e-02
4.410481926374710042e+02 6.894664212994481496e-07 1.761934925650287392e-02
4.442212012175967288e+02 6.712916292743876983e-07 1.736107854834551337e-02
4.473942097977223966e+02 6.097250340353593172e-07 1.595700171923361207e-02
4.505672183778481212e+02 5.673168382223090298e-07 1.502305735327474912e-02
4.537402269579737890e+02 5.389102539849947794e-07 1.443871642607470057e-02
4.569132355380994568e+02 5.260321468782564430e-07 1.425832522507121912e-02
4.600862441182251814e+02 4.923507337431846402e-07 1.350019383138170541e-02
4.632592526983508492e+02 4.719485454178590912e-07 1.308985459486205344e-02
4.664322612784765738e+02 4.464506503893499235e-07 1.252432788016708508e-02
4.696052698586022416e+02 4.187240277999948021e-07 1.187999212273815886e-02
4.727782784387279662e+02 3.948328098432656834e-07 1.132858739366718499e-02
4.759512870188536340e+02 3.723867720755731313e-07 1.080434445285466394e-02
4.791242955989793018e+02 3.575777113722650094e-07 1.049020793277291586e-02
4.822973041791050264e+02 3.383549749957483214e-07 1.003607636467991962e-02
4.854703127592306942e+02 3.074748113026789334e-07 9.220348559967530416e-03
4.886433213393564188e+02 3.142430187899150566e-07 9.526182932157067906e-03
4.918163299194820866e+02 2.871595421457900583e-07 8.799570868545804336e-03
4.949893384996077543e+02 2.671077886074543208e-07 8.273316266276033518e-03
4.981623470797334789e+02 2.548382235263188344e-07 7.977792454422691359e-03
5.013353556598591467e+02 2.463760664278974702e-07 7.794933350539478938e-03
5.045083642399848713e+02 2.191952554970291101e-07 7.008285209087044935e-03
5.076813728201105391e+02 2.170144318707010482e-07 7.011441767799777083e-03
5.108543814002362069e+02 2.135034118171371954e-07 6.970009291184469866e-03
5.140273899803619315e+02 1.937340408677847175e-07 6.390228267640634882e-03
5.172003985604876561e+02 1.830988930139968749e-07 6.101694648013657012e-03
5.203734071406132671e+02 1.709740104304673214e-07 5.756015079128790068e-03
5.235464157207389917e+02 1.668023773144652215e-07 5.672757524168230148e-03
5.267194243008647163e+02 1.469553338392238312e-07 5.048366907364803396e-03
5.298924328809903272e+02 1.397157449655336536e-07 4.847950909066666737e-03
5.330654414611160519e+02 1.423626818591341065e-07 4.989193804977765274e-03
5.362384500412417765e+02 1.301214373110881242e-07 4.605521035911440929e-03
5.394114586213675011e+02 1.111377777473538162e-07 3.972482460544764053e-03
5.425844672014931120e+02 1.108253077604564028e-07 4.000226115244157922e-03
5.457574757816188367e+02 1.015402981259850505e-07 3.700876475208485054e-03
5.489304843617445613e+02 9.753636735508533219e-08 3.589457586620762707e-03
5.521034929418701722e+02 8.104362217090219776e-08 3.011292906540976016e-03
5.552765015219958968e+02 8.110031914773031229e-08 3.042318804897796436e-03
5.584495101021216215e+02 7.377099218726682514e-08 2.793779642130358575e-03
5.616225186822472324e+02 6.264086203651232191e-08 2.394777929879649252e-03
5.647955272623729570e+02 5.837848187595620362e-08 2.252880789003088198e-03
5.679685358424986816e+02 5.334031956500195105e-08 2.077763322550268878e-03
5.711415444226244063e+02 4.564773596744227175e-08 1.794701234740628737e-03
5.743145530027500172e+02 4.099967791901766786e-08 1.626909820252591494e-03
5.774875615828757418e+02 3.669626265364758693e-08 1.469578850022279157e-03
5.806605701630014664e+02 3.342371756890527297e-08 1.350802886089891471e-03
5.838335787431270774e+02 3.222817344653682539e-08 1.314369506150698088e-03
5.870065873232528020e+02 2.864941529731646299e-08 1.179018775249565925e-03
5.901795959033785266e+02 2.581205431800790281e-08 1.071838998965432815e-03
5.933526044835041375e+02 2.234877720890635516e-08 9.363578472313305225e-04
5.965256130636298622e+02 2.134834126289079663e-08 9.024281404712918659e-04
5.996986216437555868e+02 1.864094163186312545e-08 7.949801125390259854e-04
6.028716302238813114e+02 1.809466931075952174e-08 7.785002020405815343e-04
6.060446388040069223e+02 1.581190822384507936e-08 6.862651964776688004e-04
6.092176473841326469e+02 1.456960995887285509e-08 6.378747103284232228e-04
6.123906559642583716e+02 1.419214909999457883e-08 6.267520420106277839e-04
6.155636645443839825e+02 1.170761765170162904e-08 5.215030164365642247e-04
6.187366731245097071e+02 1.073010494655407840e-08 4.820740262661589318e-04
6.219096817046354317e+02 9.579018384354241206e-09 4.340434463441507178e-04
6.250826902847611564e+02 8.455337651682455131e-09 3.863907694453382470e-04
6.282556988648867673e+02 7.464973113785796096e-09 3.440241858807642971e-04
6.314287074450124919e+02 7.040297531924342777e-09 3.271886412316969304e-04
6.346017160251382165e+02 6.589163884768239564e-09 3.087917672094915122e-04
6.377747246052638275e+02 5.661271464625522562e-09 2.675219902950355926e-04
6.409477331853895521e+02 4.927468795733101901e-09 2.347802582005261438e-04
6.441207417655152767e+02 4.243726279193605360e-09 2.038729019413939019e-04
6.472937503456408876e+02 3.573217229300895958e-09 1.730726496594726742e-04
6.504667589257666123e+02 2.650682634788209962e-09 1.294393267801751226e-04
6.536397675058923369e+02 2.031281281068259046e-09 1.000001944406438478e-04
6.568127760860180615e+02 1.943309471549928742e-09 9.644460838102021747e-05
6.599857846661436724e+02 2.213832415447795155e-09 1.107564544478886981e-04
6.631587932462693971e+02 1.772890340970423408e-09 8.940828439989585404e-05
6.663318018263951217e+02 1.571138829250237055e-09 7.986664918927930312e-05
6.695048104065207326e+02 1.096976954786009463e-09 5.620656012181775307e-05
6.726778189866464572e+02 9.583212576372571015e-10 4.949062831849587398e-05
6.758508275667721819e+02 6.245274973299344389e-10 3.250645783691824249e-05
6.790238361468977928e+02 3.367817416365478861e-10 1.766675982262473692e-05
6.821968447270235174e+02 4.324555269089691046e-11 2.286253039566282646e-06
6.853698533071492420e+02 3.063679745199722773e-10 1.632243801602719700e-05
6.885428618872749666e+02 1.247217756926597003e-10 6.696182053333285819e-06
6.917158704674005776e+02 3.589785729019231409e-11 1.942143997237473991e-06
