6.346017160251381739e+00 7.074514397341348515e-02 1.538858561136642988e+00
1.269203432050276348e+01 2.042187347876088174e-02 1.410309108846543369e+00
1.903805148075414522e+01 8.454382872780705216e-03 1.147588197965488055e+00
2.538406864100552696e+01 6.505665449795725724e-03 1.426353313296323533e+00
3.173008580125690870e+01 4.495573239204452357e-03 1.429674446399147536e+00
3.807610296150829043e+01 2.967713100780992787e-03 1.278918102770704390e+00
4.442212012175967573e+01 2.951137481344731812e-03 1.644327217892778137e+00
5.076813728201105391e+01 2.110450686179079095e-03 1.469018473411040082e+00
5.711415444226243210e+01 2.029464670571497122e-03 1.719046989186282959e+00
6.346017160251381739e+01 1.573675438431886139e-03 1.588853677101866868e+00
6.980618876276520268e+01 1.483435172300726600e-03 1.755598161755021369e+00
7.615220592301658087e+01 1.283689747718846441e-03 1.756295356158149801e+00
8.249822308326795905e+01 1.180048766169273372e-03 1.844906152681811795e+00
8.884424024351935145e+01 1.164083407626193868e-03 2.059204895546696168e+00
9.519025740377072964e+01 1.062562872997982466e-03 2.108670905222534753e+00
1.015362745640221078e+02 9.241626662329946278e-04 2.042288670684108798e+00
1.078822917242734860e+02 8.843090754776090868e-04 2.161993354253090249e+00
1.142283088845248642e+02 7.778035513326375097e-04 2.091668392704424395e+00
1.205743260447762566e+02 7.879724791229485202e-04 2.318831125950539196e+00
1.269203432050276348e+02 7.205226864393210993e-04 2.309580243884632900e+00
1.332663603652790130e+02 7.093760731082570303e-04 2.466479048176954958e+00
1.396123775255304054e+02 6.467050169953703033e-04 2.429849835453363305e+00
1.459583946857817693e+02 6.183957873855949749e-04 2.502159475326652061e+00
1.523044118460331617e+02 5.607988489944934615e-04 2.435910084406337717e+00
1.586504290062845541e+02 5.441979144152117977e-04 2.530223923686336196e+00
1.649964461665359181e+02 4.911388720441141244e-04 2.437784391289640862e+00
1.713424633267873105e+02 4.870675737652820753e-04 2.574527656109540263e+00
1.776884804870387029e+02 4.748670287321629896e-04 2.666884080204315222e+00
1.840344976472900669e+02 4.298731687775983381e-04 2.559601791761080491e+00
1.903805148075414593e+02 4.071900364711368027e-04 2.565476086374790743e+00
1.967265319677928233e+02 3.839936777996719197e-04 2.555223937716460725e+00
2.030725491280442156e+02 3.787546857285997433e-04 2.657317097336859835e+00
2.094185662882956080e+02 3.508062830525161065e-04 2.590752940881615007e+00
2.157645834485469720e+02 3.224387930759803540e-04 2.502731264053171145e+00
2.221106006087983644e+02 3.212278480848156917e-04 2.616748592162644993e+00
2.284566177690497284e+02 2.958490881704421856e-04 2.525863089515610227e+00
2.348026349293011208e+02 2.807179105828097186e-04 2.508659583605529431e+00
2.411486520895525132e+02 2.673354856159928941e-04 2.497648627921589259e+00
2.474946692498038772e+02 2.492925643557446160e-04 2.432124150883424818e+00
2.538406864100552696e+02 2.414089962224181748e-04 2.456719121078393631e+00
2.601867035703066335e+02 2.254964956360150830e-04 2.391194823212311693e+00
2.665327207305580259e+02 2.219762474174487017e-04 2.450327078672674297e+00
2.728787378908094183e+02 1.987644827294055580e-04 2.281856235823068957e+00
2.792247550510608107e+02 1.907131864134727268e-04 2.274943351474208342e+00
2.855707722113122031e+02 1.855806432540117105e-04 2.298205901823118236e+00
2.919167893715635387e+02 1.741787720632728632e-04 2.237486107882725062e+00
2.982628065318149311e+02 1.666091215847899148e-04 2.218352758892262688e+00
3.046088236920663235e+02 1.519034882873609288e-04 2.094780614674358166e+00
3.109548408523177159e+02 1.513984672544060818e-04 2.160812160941224747e+00
3.173008580125691083e+02 1.378496476200003255e-04 2.034812535281763868e+00
3.236468751728204438e+02 1.348745168962951042e-04 2.057700986733079773e+00
3.299928923330718362e+02 1.230241694022914361e-04 1.938644085506981307e+00
3.363389094933232286e+02 1.186459486086411958e-04 1.929959072290311273e+00
3.426849266535746210e+02 1.118308246055053028e-04 1.876664032487666667e+00
3.490309438138260134e+02 1.089826610474209118e-04 1.885662483855427229e+00
3.553769609740774058e+02 1.011986080196154524e-04 1.804360539692015264e+00
3.617229781343287414e+02 9.476698539283852742e-05 1.740272384493117608e+00
3.680689952945801338e+02 9.067499233143614518e-05 1.714100389872193153e+00
3.744150124548315262e+02 8.563822320678391624e-05 1.665672968273060217e+00
3.807610296150829186e+02 8.196314963284607254e-05 1.639480012554854538e+00
3.871070467753343110e+02 7.679913448071556601e-05 1.579094499866496859e+00
3.934530639355856465e+02 7.281597747443514692e-05 1.538325490704609777e+00
3.997990810958370389e+02 7.045577815818840079e-05 1.528690623912918545e+00
4.061450982560884313e+02 6.520446727380505220e-05 1.452377050667819969e+00
4.124911154163398237e+02 6.217121366442354094e-05 1.421064128307168328e+00
4.188371325765912161e+02 5.942980840261121936e-05 1.393412256437123631e+00
4.251831497368425516e+02 5.557626927978694294e-05 1.336132306144999227e+00
4.315291668970939440e+02 5.300535951150056439e-05 1.306181041400082066e+00
4.378751840573453364e+02 4.986732404166091748e-05 1.259118539815932802e+00
4.442212012175967288e+02 4.769033858719128976e-05 1.233377086951574997e+00
4.505672183778481212e+02 4.447303777361651610e-05 1.177685822336873800e+00
4.569132355380994568e+02 4.256297333114744777e-05 1.153687507318801320e+00
4.632592526983508492e+02 4.100424506965317872e-05 1.137284161472782662e+00
4.696052698586022416e+02 3.816029346872479929e-05 1.082679654644439271e+00
4.759512870188536340e+02 3.630311660516700415e-05 1.053290304400962274e+00
4.822973041791050264e+02 3.399018401409074696e-05 1.008195852356608357e+00
4.886433213393564188e+02 3.300886156105155278e-05 1.000653745065525513e+00
4.949893384996077543e+02 3.101248459091349895e-05 9.605713654449351546e-01
5.013353556598591467e+02 2.857610101833226135e-05 9.041008166325736894e-01
5.076813728201105391e+02 2.819029847589260817e-05 9.107902846681645848e-01
5.140273899803619315e+02 2.637579009385473535e-05 8.699933098186538594e-01
5.203734071406132671e+02 2.505466089635467264e-05 8.434908063440794690e-01
5.267194243008647163e+02 2.330313612926590038e-05 8.005342725532503811e-01
5.330654414611160519e+02 2.256002312282914595e-05 7.906308460523892023e-01
5.394114586213675011e+02 2.104431700075779727e-05 7.522030930805148063e-01
5.457574757816188367e+02 2.033399411109341838e-05 7.411205387579559156e-01
5.521034929418701722e+02 1.883623915285359820e-05 6.998876879822214514e-01
5.584495101021216215e+02 1.799038421014363207e-05 6.813134495035029214e-01
5.647955272623729570e+02 1.745830826354242656e-05 6.737326157093455059e-01
5.711415444226244063e+02 1.607050819812889724e-05 6.318333274329834826e-01
5.774875615828757418e+02 1.569144250674785391e-05 6.283967457913616217e-01
5.838335787431270774e+02 1.457277963214335637e-05 5.943252477562133151e-01
5.901795959033785266e+02 1.398421751753671289e-05 5.806910802467353250e-01
5.965256130636298622e+02 1.337184545134233201e-05 5.652490503466096605e-01
6.028716302238813114e+02 1.260331908674105143e-05 5.422418219920472904e-01
6.092176473841326469e+02 1.188369082161136624e-05 5.202820021857554877e-01
6.155636645443839825e+02 1.130039889673776788e-05 5.033639026235734448e-01
6.219096817046354317e+02 1.080874636159181376e-05 4.897647476183835114e-01
6.282556988648867673e+02 1.008602326813746391e-05 4.648155982219926985e-01
6.346017160251382165e+02 9.895193265974561552e-06 4.637241187069393589e-01
6.409477331853895521e+02 9.197004738081499209e-06 4.382118358513080736e-01
6.472937503456408876e+02 8.722530147812657079e-06 4.224852024213286983e-01
6.536397675058923369e+02 8.386832541582967982e-06 4.128846618713230554e-01
6.599857846661436724e+02 7.922257437435939928e-06 3.963448808822052638e-01
6.663318018263951217e+02 7.522326035645489567e-06 3.823869434014179336e-01
6.726778189866464572e+02 7.173465624796043933e-06 3.704596117043136294e-01
6.790238361468977928e+02 6.907836118728512817e-06 3.623684615757242211e-01
6.853698533071492420e+02 6.490154134529596325e-06 3.457774551707133992e-01
6.917158704674005776e+02 6.237552553375072485e-06 3.374637419459688426e-01
6.980618876276520268e+02 5.923283605642768655e-06 3.253761673512403085e-01
7.044079047879033624e+02 5.650293701037181198e-06 3.150973309581650006e-01
7.107539219481548116e+02 5.404484791244175121e-06 3.059283612738885050e-01
7.170999391084061472e+02 5.155758474830160655e-06 2.962047647922117499e-01
7.234459562686574827e+02 4.897933454442341524e-06 2.855549564775839988e-01
7.297919734289089320e+02 4.692931647791517265e-06 2.776148539644172630e-01
7.361379905891602675e+02 4.491705473905713240e-06 2.695731645917605612e-01
7.424840077494117168e+02 4.266140017035684134e-06 2.597249142803860766e-01
7.488300249096630523e+02 4.078812414085709731e-06 2.518677030175490716e-01
7.551760420699143879e+02 3.895014083593416383e-06 2.439248452971760628e-01
7.615220592301658371e+02 3.774302377301111804e-06 2.396849899510377635e-01
7.678680763904171727e+02 3.588436448777577830e-06 2.310554836151298697e-01
7.742140935506686219e+02 3.411864371966918107e-06 2.227205105642134919e-01
7.805601107109199575e+02 3.290233947053603917e-06 2.177228621556715760e-01
7.869061278711712930e+02 3.171802767825181871e-06 2.127376639200729835e-01
7.932521450314227422e+02 3.003308970363367645e-06 2.041512790315597736e-01
7.995981621916740778e+02 2.900905318771970221e-06 1.998265543163107172e-01
8.059441793519255270e+02 2.776735686546718781e-06 1.938099845872764404e-01
8.122901965121768626e+02 2.684538911121805558e-06 1.898402903996980473e-01
8.186362136724281982e+02 2.571380604557089342e-06 1.842120141835793257e-01
8.249822308326796474e+02 2.460393305516482941e-06 1.785441098451907016e-01
8.313282479929309829e+02 2.400192835561345954e-06 1.764142643679636746e-01
8.376742651531824322e+02 2.266157468671577998e-06 1.686871652271732802e-01
8.440202823134337677e+02 2.216751716334380945e-06 1.670982334434643612e-01
8.503662994736851033e+02 2.125039558552454489e-06 1.621973495684559674e-01
8.567123166339365525e+02 2.058844736020168443e-06 1.591043110704817576e-01
8.630583337941878881e+02 1.989098304035356776e-06 1.556168062423798071e-01
8.694043509544393373e+02 1.908566365570921481e-06 1.511507413255683829e-01
8.757503681146906729e+02 1.840596090324146388e-06 1.475454119968466205e-01
8.820963852749420084e+02 1.757700024782681952e-06 1.426061196718757251e-01
8.884424024351934577e+02 1.730946793280740215e-06 1.421234849878156570e-01
8.947884195954447932e+02 1.670858175795775137e-06 1.388268638008951505e-01
9.011344367556962425e+02 1.606863622113713737e-06 1.350915951163426110e-01
9.074804539159475780e+02 1.557391324934672677e-06 1.324727495910379693e-01
9.138264710761989136e+02 1.503017980397334102e-06 1.293412537549723795e-01
9.201724882364503628e+02 1.452559072858741537e-06 1.264491392248485724e-01
9.265185053967016984e+02 1.427181445194313381e-06 1.256712748351843933e-01
9.328645225569531476e+02 1.370856389555955963e-06 1.220926693011737812e-01
9.392105397172044832e+02 1.346260344124147571e-06 1.212645843454434047e-01
9.455565568774559324e+02 1.293378700672719073e-06 1.178161668824231206e-01
9.519025740377072680e+02 1.254801927618747339e-06 1.155835455774531367e-01
9.582485911979586035e+02 1.214342390094494990e-06 1.131023090247709750e-01
9.645946083582100528e+02 1.193625377162063807e-06 1.124025318394290540e-01
9.709406255184613883e+02 1.145283787961196493e-06 1.090354117768015524e-01
9.772866426787128376e+02 1.135739630374472166e-06 1.093071871532839273e-01
9.836326598389641731e+02 1.089959673709962773e-06 1.060389285270896126e-01
9.899786769992155087e+02 1.061061927890519991e-06 1.043399119732626029e-01
9.963246941594669579e+02 1.029578604383745051e-06 1.023279640122312095e-01
1.002670711319718293e+03 1.008441021403813634e-06 1.012933774363284217e-01
1.009016728479969743e+03 9.841238244051994409e-07 9.989575258851184081e-02
1.015362745640221078e+03 9.600838414519148035e-07 9.847920525131487191e-02
1.021708762800472414e+03 9.323980466821862178e-07 9.663769263333069071e-02
1.028054779960723863e+03 9.110808617903640900e-07 9.540783005027457520e-02
1.034400797120975312e+03 8.900338365758486539e-07 9.416465693862040298e-02
1.040746814281226534e+03 8.658441936694070075e-07 9.254399267622881453e-02
1.047092831441477983e+03 8.489703414842776715e-07 9.166449760299685834e-02
1.053438848601729433e+03 8.233719912976727520e-07 8.980040729817315159e-02
1.059784865761980654e+03 8.093230067876658330e-07 8.915617099517206268e-02
1.066130882922232104e+03 7.877864070836372292e-07 8.765150068832909536e-02
1.072476900082483553e+03 7.668940027482223903e-07 8.617512448505340594e-02
1.078822917242735002e+03 7.515292187940585828e-07 8.528306682691848273e-02
1.085168934402986224e+03 7.345073982998461314e-07 8.417021350170363070e-02
1.091514951563237673e+03 7.162150556745038758e-07 8.287551901510510632e-02
1.097860968723489123e+03 7.008892069857723414e-07 8.188951163257787713e-02
1.104206985883740344e+03 6.832490878865070686e-07 8.059904165792561304e-02
1.110553003043991794e+03 6.733428689849017942e-07 8.019274564668275873e-02
1.116899020204243243e+03 6.534235876197574631e-07 7.856298770581299218e-02
1.123245037364494465e+03 6.378531078373091201e-07 7.741851857858586539e-02
1.129591054524745914e+03 6.337022623317038359e-07 7.764032267392155517e-02
1.135937071684997363e+03 6.088604402066088805e-07 7.529651557020243524e-02
1.142283088845248813e+03 5.998123197655715292e-07 7.486950475711666442e-02
1.148629106005500034e+03 5.837346121197537308e-07 7.353856318591815711e-02
1.154975123165751484e+03 5.729954328394289294e-07 7.285156357431765706e-02
1.161321140326002933e+03 5.604486749683593261e-07 7.191007358775215741e-02
1.167667157486254155e+03 5.478248376996733164e-07 7.093166603942896442e-02
1.174013174646505604e+03 5.377198940570130592e-07 7.025507827176644127e-02
1.180359191806757053e+03 5.259132798627589728e-07 6.933264702408539759e-02
1.186705208967008275e+03 5.168239406904422742e-07 6.874599006316908789e-02
1.193051226127259724e+03 4.997066773596956467e-07 6.706258736886903937e-02
1.199397243287511174e+03 4.945617276301595520e-07 6.696156295634482503e-02
1.205743260447762623e+03 4.849636384095893837e-07 6.624207313065859359e-02
1.212089277608013845e+03 4.710499622763901798e-07 6.490696798945511103e-02
1.218435294768265294e+03 4.620973714298832309e-07 6.422995476895587696e-02
1.224781311928516743e+03 4.496294172206374578e-07 6.304040133274670110e-02
1.231127329088767965e+03 4.442980154191431637e-07 6.283177472148736287e-02
1.237473346249019414e+03 4.334154726967117159e-07 6.182026093687430918e-02
1.243819363409270863e+03 4.242405796814544984e-07 6.102967586211613393e-02
1.250165380569522313e+03 4.154766047050068846e-07 6.027802594004720571e-02
1.256511397729773535e+03 4.052770200076465665e-07 5.929654187888587502e-02
1.262857414890024984e+03 3.967169157039519308e-07 5.853351208314097609e-02
1.269203432050276433e+03 3.893983502801647529e-07 5.793568821191052293e-02
1.275549449210527655e+03 3.824026585223205276e-07 5.736976472498776097e-02
1.281895466370779104e+03 3.722670951820481142e-07 5.631304391815353250e-02
1.288241483531030553e+03 3.665866837317593737e-07 5.591205893581383674e-02
1.294587500691281775e+03 3.574377565812612880e-07 5.496498429980204575e-02
1.300933517851533225e+03 3.490962894412050701e-07 5.412157227348039085e-02
1.307279535011784674e+03 3.442532917979084798e-07 5.380535971976228155e-02
1.313625552172036123e+03 3.350505778601295071e-07 5.279138029332262200e-02
1.319971569332287345e+03 3.292993178539767923e-07 5.230362541075490868e-02
1.326317586492538794e+03 3.229619950061668354e-07 5.170874129670878505e-02
1.332663603652790243e+03 3.143127528241202202e-07 5.072587693770296002e-02
1.339009620813041465e+03 3.090608979827189044e-07 5.027478528957808612e-02
1.345355637973292914e+03 3.010874032904870450e-07 4.936522164151629227e-02
1.351701655133544364e+03 2.974745581297058309e-07 4.915690947651687320e-02
1.358047672293795586e+03 2.912523274135746243e-07 4.850588472620318697e-02
1.364393689454047035e+03 2.827182995911865961e-07 4.745188000881945395e-02
1.370739706614298484e+03 2.797025404856218811e-07 4.731019446177127385e-02
1.377085723774549933e+03 2.715947487330962461e-07 4.629381750547251206e-02
1.383431740934801155e+03 2.682032770843081623e-07 4.606739340649095710e-02
1.389777758095052604e+03 2.603709594236986712e-07 4.506452575302951485e-02
1.396123775255304054e+03 2.556193315816769707e-07 4.457933302484391735e-02
1.402469792415555276e+03 2.533332363668015746e-07 4.451585280398913380e-02
1.408815809575806725e+03 2.449403461759801535e-07 4.336613208811362224e-02
1.415161826736058174e+03 2.404861865873146329e-07 4.289766411462601903e-02
1.421507843896309623e+03 2.376759060190945248e-07 4.271370647587124925e-02
1.427853861056560845e+03 2.301972486943530147e-07 4.167795445607720695e-02
1.434199878216812294e+03 2.267765538155432661e-07 4.136321494116378117e-02
1.440545895377063744e+03 2.234304295014747431e-07 4.105387471073326799e-02
1.446891912537314965e+03 2.185245246887883728e-07 4.044768463822973059e-02
1.453237929697566415e+03 2.150081016089633370e-07 4.008815160212245848e-02
1.459583946857817864e+03 2.089218789374405627e-07 3.923729442005071538e-02
1.465929964018069086e+03 2.071870854030916819e-07 3.919386127150839561e-02
1.472275981178320535e+03 2.031292444540066458e-07 3.870387943808004105e-02
1.478621998338571984e+03 1.986016060591757804e-07 3.811342943232229330e-02
1.484968015498823434e+03 1.951989613279845680e-07 3.772877185789482585e-02
1.491314032659074655e+03 1.914536157638980611e-07 3.726880035411318792e-02
1.497660049819326105e+03 1.883354373715975848e-07 3.692219005530522624e-02
1.504006066979577554e+03 1.860296754375087080e-07 3.672807855276821049e-02
1.510352084139828776e+03 1.820814744829253528e-07 3.620173849826523182e-02
1.516698101300080225e+03 1.780525953781273657e-07 3.564896129763919091e-02
1.523044118460331674e+03 1.765638965501807336e-07 3.559776330421086238e-02
1.529390135620582896e+03 1.735849935951780269e-07 3.524054792595789770e-02
1.535736152780834345e+03 1.692247297093240293e-07 3.459326145871286645e-02
1.542082169941085795e+03 1.673827286901217912e-07 3.445269263981285551e-02
1.548428187101337244e+03 1.660592007853119617e-07 3.441502247737818904e-02
1.554774204261588466e+03 1.622616594954233583e-07 3.385801222720757203e-02
1.561120221421839915e+03 1.609304480891840292e-07 3.380898524776512065e-02
1.567466238582091364e+03 1.567674776268023957e-07 3.315784494288216006e-02
1.573812255742342586e+03 1.561924128968805307e-07 3.325943027901744065e-02
1.580158272902594035e+03 1.539906535794975421e-07 3.301125314651044695e-02
1.586504290062845484e+03 1.516195392358596055e-07 3.272080079446375994e-02
1.592850307223096706e+03 1.493140210976347412e-07 3.243835811764002319e-02
1.599196324383348156e+03 1.481623479703926700e-07 3.240217450712339770e-02
1.605542341543599605e+03 1.455176921656718235e-07 3.203455808410628908e-02
1.611888358703851054e+03 1.419370714045390464e-07 3.145242277944537007e-02
1.618234375864102276e+03 1.363127389391956511e-07 3.040456645830625845e-02
1.624580393024353725e+03 1.312398024176914271e-07 2.946462469403553913e-02
1.630926410184605174e+03 1.269710513753376951e-07 2.869207725571938650e-02
1.637272427344856396e+03 1.221473818053147954e-07 2.778129008403569522e-02
1.643618444505107846e+03 1.180774440679142961e-07 2.702933042660335752e-02
1.649964461665359295e+03 1.141869712259602027e-07 2.630717439166902968e-02
1.656310478825610744e+03 1.100324853285900351e-07 2.551274402579254905e-02
1.662656495985861966e+03 1.062865866551015526e-07 2.480177038865464048e-02
1.669002513146113415e+03 1.035130579664307414e-07 2.430842325873044593e-02
1.675348530306364864e+03 1.000690935856503199e-07 2.364877128128932415e-02
1.681694547466616086e+03 9.575300023112328656e-08 2.277181170528507978e-02
1.688040564626867535e+03 9.314925528613364002e-08 2.229209328411402291e-02
1.694386581787118985e+03 9.056005892582213576e-08 2.180841998956260450e-02
1.700732598947370207e+03 8.782974865369714638e-08 2.128310724954821445e-02
1.707078616107621656e+03 8.460678403839632955e-08 2.062977023883832625e-02
1.713424633267873105e+03 8.219524625979691118e-08 2.016609048168438445e-02
1.719770650428124554e+03 7.995502584333803235e-08 1.973770511959792653e-02
1.726116667588375776e+03 7.718034991037686592e-08 1.917006800315086690e-02
1.732462684748627225e+03 7.472213583259263596e-08 1.867335809941257294e-02
1.738808701908878675e+03 7.282290193857134908e-08 1.830997098903165005e-02
1.745154719069129897e+03 7.049143915491323039e-08 1.783170772733489243e-02
1.751500736229381346e+03 6.825386983772872528e-08 1.737045336509728324e-02
1.757846753389632795e+03 6.624426668637327617e-08 1.696094251532575398e-02
1.764192770549884017e+03 6.447389840284632802e-08 1.660710738740625581e-02
1.770538787710135466e+03 6.252002034379295153e-08 1.620049134081986281e-02
1.776884804870386915e+03 6.101262532786253318e-08 1.590444438813926747e-02
1.783230822030638365e+03 5.915247523848735583e-08 1.551144268622791852e-02
1.789576839190889586e+03 5.750351961347080403e-08 1.516858296987096295e-02
1.795922856351141036e+03 5.601238437286192034e-08 1.486267073140792525e-02
1.802268873511392485e+03 5.399507646101431697e-08 1.441186319160175922e-02
1.808614890671643707e+03 5.274595285152304827e-08 1.416117574239061927e-02
1.814960907831895156e+03 5.098647846049595109e-08 1.376893899965784922e-02
1.821306924992146605e+03 5.005638631626986584e-08 1.359663351929100115e-02
1.827652942152397827e+03 4.818431552186154601e-08 1.316422340299414941e-02
1.833998959312649276e+03 4.751385055019562060e-08 1.305625736030638362e-02
1.840344976472900726e+03 4.576870961688711504e-08 1.264932647413805414e-02
1.846690993633152175e+03 4.427997490878433755e-08 1.230829088033679082e-02
1.853037010793403397e+03 4.356871737235860557e-08 1.218002736865851643e-02
1.859383027953654846e+03 4.222683571558753748e-08 1.187234867515220109e-02
1.865729045113906295e+03 4.110488880417797092e-08 1.162271972803746375e-02
1.872075062274157517e+03 3.989622987743654531e-08 1.134498574258026304e-02
1.878421079434408966e+03 3.910465561783609304e-08 1.118278703350088915e-02
1.884767096594660416e+03 3.777646259286762406e-08 1.086385866691912637e-02
1.891113113754911865e+03 3.678660704328383450e-08 1.063862686496560780e-02
1.897459130915163087e+03 3.591148320379506984e-08 1.044369211231684427e-02
1.903805148075414536e+03 3.491107624376763685e-08 1.020941205157137495e-02
1.910151165235665985e+03 3.414850768039930737e-08 1.004194778716594426e-02
1.916497182395917207e+03 3.313354905931457659e-08 9.797492336634711085e-03
1.922843199556168656e+03 3.194263881844825937e-08 9.497527839764706090e-03
1.929189216716420106e+03 3.162510633306117767e-08 9.454894864692130543e-03
1.935535233876671327e+03 3.043710743562496267e-08 9.149664712618519810e-03
1.941881251036922777e+03 2.981384286551990529e-08 9.011333702872921167e-03
1.948227268197174226e+03 2.865057874142521431e-08 8.706950895220718495e-03
1.954573285357425675e+03 2.845691725204652647e-08 8.695097350896375046e-03
1.960919302517676897e+03 2.735335088052709090e-08 8.403174956793026118e-03
1.967265319677928346e+03 2.673130755648911697e-08 8.256419723779129596e-03
1.973611336838179795e+03 2.592992236137369585e-08 8.052003129906682918e-03
1.979957353998431017e+03 2.519050255795674937e-08 7.864357100572849299e-03
1.986303371158682467e+03 2.466180238701328353e-08 7.740472040885452987e-03
1.992649388318933916e+03 2.389385792984955830e-08 7.539416935450380525e-03
1.998995405479185138e+03 2.338671837870821467e-08 7.418605533934486893e-03
2.005341422639436587e+03 2.262264008349431190e-08 7.214238470507007908e-03
2.011687439799688036e+03 2.203240497824353697e-08 7.063111784806013101e-03
2.018033456959939485e+03 2.149569862137880976e-08 6.927324011509337215e-03
2.024379474120190707e+03 2.080505355210377809e-08 6.739929906321253696e-03
2.030725491280442156e+03 2.038484924927298366e-08 6.638340703405998765e-03
2.037071508440693606e+03 1.966534213075815779e-08 6.437421765877889349e-03
2.043417525600944828e+03 1.925444803553840758e-08 6.335675560913222801e-03
2.049763542761196277e+03 1.863556138060619606e-08 6.163803060860098028e-03
2.056109559921447726e+03 1.812312532718019023e-08 6.025274643336419461e-03
2.062455577081699175e+03 1.760963400228815296e-08 5.884704616235201906e-03
2.068801594241950625e+03 1.704888372347982310e-08 5.726562686723941746e-03
2.075147611402201619e+03 1.659636843622823789e-08 5.603095940501250441e-03
2.081493628562453068e+03 1.604868268169199835e-08 5.445835683021211203e-03
2.087839645722704518e+03 1.570842502256247014e-08 5.357488040893310967e-03
2.094185662882955967e+03 1.516630187016635832e-08 5.198822613088555263e-03
2.100531680043207416e+03 1.468916109017975820e-08 5.060720903065194128e-03
2.106877697203458865e+03 1.425719581349941001e-08 4.936657425324398642e-03
2.113223714363710315e+03 1.381497905448253052e-08 4.807574506527831186e-03
2.119569731523961309e+03 1.344529230785434246e-08 4.702366015460409353e-03
2.125915748684212758e+03 1.298670410937449816e-08 4.564666233411596684e-03
2.132261765844464207e+03 1.263563084428410131e-08 4.463386154016367978e-03
2.138607783004715657e+03 1.212227351469233617e-08 4.303310175610245390e-03
2.144953800164967106e+03 1.174841614147590199e-08 4.191240274274967044e-03
2.151299817325218555e+03 1.139313187879987759e-08 4.084554467361373349e-03
2.157645834485470004e+03 1.092099455901505908e-08 3.934556529333884528e-03
2.163991851645720999e+03 1.067046010923449713e-08 3.863158394272325508e-03
2.170337868805972448e+03 1.011408754585259852e-08 3.679642464613505984e-03
2.176683885966223897e+03 9.928974865975562701e-09 3.629916890211772745e-03
2.183029903126475347e+03 9.453312744707552804e-09 3.472829807737937060e-03
2.189375920286726796e+03 9.112400848602553162e-09 3.363824875431465668e-03
2.195721937446978245e+03 8.769548095764082520e-09 3.252915504581411262e-03
2.202067954607229240e+03 8.358740381153249485e-09 3.115482848231413641e-03
2.208413971767480689e+03 8.165081447717333208e-09 3.057933227837737050e-03
2.214759988927732138e+03 7.651044112327673822e-09 2.879155719659283550e-03
2.221106006087983587e+03 7.429973300898222145e-09 2.809329830030121190e-03
2.227452023248235037e+03 7.005404677680029683e-09 2.661422509530259658e-03
2.233798040408486486e+03 6.726791280608098111e-09 2.567720777087158408e-03
2.240144057568737935e+03 6.372454116416774771e-09 2.443993029835568685e-03
2.246490074728988930e+03 6.066004119973692028e-09 2.337456520503393767e-03
2.252836091889240379e+03 5.745306041098773398e-09 2.224312622118309549e-03
2.259182109049491828e+03 5.420479115173317673e-09 2.108416513206436225e-03
2.265528126209743277e+03 5.087326495453855233e-09 1.988102208963143068e-03
2.271874143369994727e+03 4.755408116555843394e-09 1.867074192614678581e-03
2.278220160530246176e+03 4.488912160117626393e-09 1.770654897526684245e-03
2.284566177690497625e+03 4.238114683557406982e-09 1.679495879754784680e-03
2.290912194850748620e+03 3.995553120839216259e-09 1.590709894211399201e-03
2.297258212011000069e+03 3.807443709263434976e-09 1.522824466255811617e-03
2.303604229171251518e+03 3.628264653273645313e-09 1.457847410813431412e-03
2.309950246331502967e+03 3.449211270279103968e-09 1.392272268255416532e-03
2.316296263491754416e+03 3.270827428361159881e-09 1.326318442802165102e-03
2.322642280652005866e+03 3.125589238613094064e-09 1.273217059067207170e-03
2.328988297812257315e+03 2.989219418067532013e-09 1.223216428982223936e-03
2.335334314972508309e+03 2.838842373458502217e-09 1.166961102842050844e-03
2.341680332132759759e+03 2.704104318775152319e-09 1.116613280746569462e-03
2.348026349293011208e+03 2.555403624094238473e-09 1.059980274428671924e-03
2.354372366453262657e+03 2.473640857305891207e-09 1.030691193096189458e-03
2.360718383613514106e+03 2.348451396989394397e-09 9.829283920664718364e-04
2.367064400773765556e+03 2.228046719595108576e-09 9.367155931774847439e-04
2.373410417934016550e+03 2.119776987475198195e-09 8.951824933821371294e-04
2.379756435094267999e+03 2.031927691390773796e-09 8.619110173562712952e-04
2.386102452254519449e+03 1.932470908263889515e-09 8.233695019910788155e-04
2.392448469414770898e+03 1.847487780503758403e-09 7.906529491142300038e-04
2.398794486575022347e+03 1.733699985091014843e-09 7.452391847670570939e-04
2.405140503735273796e+03 1.687289739915616981e-09 7.284902649183457642e-04
2.411486520895525246e+03 1.593703137810061368e-09 6.911126235110969396e-04
2.417832538055776240e+03 1.520628405757401288e-09 6.623183617080810864e-04
2.424178555216027689e+03 1.438268680878607207e-09 6.291888705422269898e-04
2.430524572376279139e+03 1.384078232477913633e-09 6.081265978126243390e-04
2.436870589536530588e+03 1.315704426754541772e-09 5.806027832815159780e-04
2.443216606696782037e+03 1.253799510226345196e-09 5.556884652003441036e-04
2.449562623857033486e+03 1.176887878561359127e-09 5.238609198453061683e-04
2.455908641017284936e+03 1.135152163145367162e-09 5.074669460697611972e-04
2.462254658177535930e+03 1.081320600826034895e-09 4.854853061392742680e-04
2.468600675337787379e+03 1.024107656110720849e-09 4.617749309027386023e-04
2.474946692498038828e+03 9.616313825263965985e-10 4.354634509074854776e-04
2.481292709658290278e+03 9.217741082640330850e-10 4.191999005509299795e-04
2.487638726818541727e+03 8.783741404614295461e-10 4.011668670597040381e-04
2.493984743978793176e+03 8.236283248884818485e-10 3.777643127997296372e-04
2.500330761139044625e+03 7.673637209188200773e-10 3.534519398782005645e-04
2.506676778299295620e+03 7.437358610704334635e-10 3.440191503096797290e-04
2.513022795459547069e+03 7.078297720756207717e-10 3.287932343230294801e-04
2.519368812619798518e+03 6.530034890462050794e-10 3.046036360895465109e-04
2.525714829780049968e+03 6.114313430275146462e-10 2.864100290520307638e-04
2.532060846940301417e+03 5.952810123263972764e-10 2.800134719071377875e-04
2.538406864100552866e+03 5.517434633874225913e-10 2.606189070353751437e-04
2.544752881260803861e+03 5.160935292397817587e-10 2.447960684502863788e-04
2.551098898421055310e+03 4.773360045745464929e-10 2.273542196354116972e-04
2.557444915581306759e+03 4.686167297074915572e-10 2.241273912089451119e-04
2.563790932741558208e+03 4.343176960699626975e-10 2.085828210528609431e-04
2.570136949901809658e+03 3.950756620277227361e-10 1.905200640236149809e-04
2.576482967062061107e+03 3.616379566510795347e-10 1.751134346207188516e-04
2.582828984222312556e+03 3.561545129085586149e-10 1.731667624372437806e-04
2.589175001382563551e+03 3.245845953810617147e-10 1.584638658364238156e-04
2.595521018542815000e+03 3.009385826047809740e-10 1.475204136215140980e-04
2.601867035703066449e+03 2.696955712728133351e-10 1.327442280564373567e-04
2.608213052863317898e+03 2.668180476699206335e-10 1.318621974179867489e-04
2.614559070023569348e+03 2.377279056908662512e-10 1.179625796601909473e-04
2.620905087183820797e+03 2.176548250346979836e-10 1.084394040489256749e-04
2.627251104344072246e+03 1.925255744320632630e-10 9.630697309220141754e-05
2.633597121504323241e+03 1.945617144773205841e-10 9.771763542762791405e-05
2.639943138664574690e+03 1.687851124292162540e-10 8.511218867571531787e-05
2.646289155824826139e+03 1.436556217929070789e-10 7.273075927947707708e-05
2.652635172985077588e+03 1.267889423363023036e-10 6.444816932032256408e-05
2.658981190145329037e+03 1.351830643407932975e-10 6.898919255473178901e-05
2.665327207305580487e+03 1.193052180864830175e-10 6.112848885909780313e-05
2.671673224465831936e+03 9.566959004035178322e-11 4.921295875507939241e-05
2.678019241626082930e+03 7.652308966711497699e-11 3.951985281434919459e-05
2.684365258786334380e+03 8.740894072277673900e-11 4.532020577227430778e-05
2.690711275946585829e+03 7.138230685293819279e-11 3.715658085654825917e-05
2.697057293106837278e+03 5.683053991485196069e-11 2.969833275793390130e-05
2.703403310267088727e+03 3.766131079706314336e-11 1.975817526752011481e-05
2.709749327427340177e+03 4.954460895671459729e-11 2.609425689150883957e-05
2.716095344587591171e+03 4.036352683495405840e-11 2.134178752004043227e-05
2.722441361747842620e+03 3.092499476691191219e-11 1.641498632838278766e-05
2.728787378908094070e+03 1.365399281480328772e-11 7.275717580693342518e-06
2.735133396068345519e+03 2.122331128283980610e-11 1.135300069461389958e-05
2.741479413228596968e+03 1.537441878082269229e-11 8.256076114442587415e-06
2.747825430388848417e+03 1.118401823274149533e-11 6.029015918867225088e-06
2.754171447549099867e+03 3.854753288477222803e-12 2.086002735919520213e-06
2.760517464709350861e+03 5.505839441999527270e-12 2.990940047151238294e-06
2.766863481869602310e+03 2.955511941104450932e-12 1.611680448180527682e-06
2.773209499029853760e+03 1.074406628629294049e-12 5.881297444783288598e-07
2.779555516190105209e+03 9.119735800074616268e-14 5.011193561127914861e-08
