0.00274181035883970959
0.01090888509119994181
0.00292705867048263920
0.00295881604124568478
0.00043062872003672031
0.00019866722136525349
0.00098525927895471983
0.00054193383880228585
0.00033073126377724350
0.00028855066914264358
0.00038297887454600361
0.00017745436014978406
0.00014181337411895038
0.00023578561988954447
0.00018680270980625928
0.00020248660033890119
0.00018002173917181099
0.00022659322478371877
0.00010621284243552888
0.00004401307426692537
0.00001662548101606873
0.00003873683551982268
0.00003159780522985350
0.00009193013161437029
0.00002709295434031358
0.00001925266540889066
0.00005829442916073113
0.00005107257147693264
0.00003021697121344032
0.00001155154947898164
0.00002093284606952190
0.00000983467631572971
0.00001163276894682512
0.00002091313094698450
0.00000885964258327622
0.00001042177756650324
0.00001800980078680603
0.00000286032354834947
0.00001084206421903606
0.00001138211924575547
0.00001016368479731411
0.00001392333670915014
0.00000512136607437468
0.00001766870335364586
0.00000999991763953118
0.00000834433668876233
0.00001141662616787036
0.00000682664969779129
0.00000961273198718805
0.00000931620719296126
0.00000618598575242844
0.00000320549127494466
0.00000938278526055532
0.00000624716108417481
0.00000439589667009894
0.00000324599557950895
0.00000445682376139680
0.00000306811504993176
0.00000315139111145345
0.00000279198813594476
0.00000468650366671946
0.00000399866800869552
0.00000308563364334314
0.00000363093462294777
0.00000195098125202347
0.00000397246213719219
0.00000572427719479222
0.00000268761564095065
0.00000436771446420410
0.00000550726356740965
0.00000335490993377595
0.00000668963026955208
0.00000212864364842403
0.00000119630014497687
0.00000090583337815386
0.00000443534102214180
0.00000265044473375292
0.00000459749832993262
0.00000309737012339456
0.00000149844289691998
0.00000283729798892659
0.00000309251233806853
0.00000265287111510245
0.00000244110976303563
0.00000153264188084773
0.00000203437669520356
0.00000070326711687299
0.00000217765125123173
0.00000412001962419060
0.00000203483917561102
0.00000012551857965585
0.00000181896215250216
0.00000054740510683731
0.00000128016306166161
0.00000322538268775744
0.00000193616377491666
0.00000183149014579262
0.00000209653757265692
0.00000090403812121454
0.00000358334767128607
0.00000359666710484495
0.00000106367723216159
0.00000109375923077601
0.00000352237384901689
0.00000220614880476639
0.00000275779468625472
0.00000436422990340218
0.00000354273297724454
0.00000116068358304699
0.00000211588302903651
0.00000193360054609706
0.00000288395259269207
0.00000182831305149705
0.00000156625964782999
0.00000184324563162501
0.00000490782101381549
0.00000181328337907663
0.00000469435826821309
0.00000153351341357683
0.00000119791896559823
0.00000194228479929466
0.00000114943172752538
0.00000428464760664815
0.00000268865251959759
0.00000475338110583812
0.00000449816032136291
0.00000198419017856380
0.00000204739720358172
0.00000483858117019404
