2.062358820372312968e-06
1.699556511158505596e-06
1.020559777711979168e-06
2.668912857903672269e-06
2.251886978695792646e-06
1.448558243732287539e-06
3.221762139513872226e-06
2.092929210261006831e-07
1.361145153448249388e-06
1.982470457709609852e-06
1.733133021882805699e-06
4.852965551623638628e-07
2.385282254715318535e-06
1.568254583660843438e-06
1.813982545082974939e-06
1.697301740820174800e-06
1.613617045178203444e-06
2.325986997826892195e-06
2.234811005333142907e-06
2.223765093712818142e-06
2.439733103630965036e-06
1.533978974311170271e-06
5.467763684168199736e-07
1.296181330923956467e-06
2.785268063640696271e-06
1.869185422380996572e-06
1.560423679232306565e-06
8.534020507362387914e-07
2.524701482210913558e-06
2.131331950561974061e-06
1.409447535307077147e-06
1.014093261748291955e-06
1.524997801428293290e-06
1.200670201056942430e-06
2.283812975330104204e-06
8.359873240565506633e-07
4.987144446675774475e-07
2.177774820566489137e-06
3.614078698885002432e-07
1.140360552128937651e-06
2.528350664994169325e-06
2.569326928281938270e-06
2.609767846762775216e-06
4.431746334478988349e-07
1.169116417426296544e-06
9.621717902282252197e-07
1.769407822106461401e-06
2.822099997408601852e-06
2.319440762374318716e-06
2.592641558607448561e-06
1.358791299108246265e-06
2.727336735077543832e-06
1.377943751101568320e-06
8.621698968930404321e-07
6.856254079017783749e-07
1.452232860292893855e-06
5.850313062603797984e-07
8.442755846209259281e-07
1.628454695718996120e-06
7.479518106715107520e-07
7.330452692485837422e-07
2.258067638109202986e-07
3.010470386738299071e-06
1.687208657356047100e-07
2.154904870223293122e-06
2.384229605039470153e-06
1.262680356960462195e-06
1.670810988344711917e-06
1.297519025668226990e-06
2.509207671421683947e-07
1.269050421907951229e-06
8.905251712805090690e-07
1.197757660728669974e-06
2.223764573466352115e-06
2.623524364589093870e-06
1.919221378526137928e-06
2.632690331790864692e-07
1.397084328144601908e-06
2.220628111681261376e-07
1.154351224517492665e-06
1.017769314783227954e-06
3.653779041984423763e-07
1.669558239868937531e-06
1.508519635619519273e-06
7.120812173276321076e-07
5.958807997366897529e-07
1.019175404674896426e-06
1.197274509155982095e-06
1.641453027146812667e-06
1.049214760090157146e-06
1.279945024645880700e-06
1.209400800579312468e-06
1.083055903569380708e-06
1.330616836484906348e-06
4.097393239318251218e-07
2.203924748273675679e-06
9.255795374411911611e-07
1.087074048700357571e-06
7.001897836476262826e-08
5.445846045600267339e-07
2.975528267492209128e-07
1.527855630711914252e-06
1.060570209421101891e-06
1.272125138203319448e-06
5.629601119117176627e-07
4.163381050656338725e-07
1.060885427278212260e-06
6.535183297536399066e-07
1.113443317713711773e-06
1.592615074024959574e-06
9.391050599118289226e-07
9.132266519223788640e-07
6.956615701902158607e-07
1.353157558302026972e-06
9.161611676074480544e-07
6.390838138154707960e-07
1.448436069109443591e-07
4.909724736024513691e-07
3.847085138575386052e-07
2.265555076932523610e-07
1.681255927902619911e-06
8.980403379786736379e-07
7.273317961049747440e-07
1.343368139947286566e-06
1.329085564169352856e-06
7.135929510242852655e-07
6.140309139897399760e-07
2.605284845823946792e-07
4.408878856099223560e-07
