2.741810358839710023e-03
8.454173437783119027e-02
1.800256526319320453e-03
2.294147397226490442e-02
7.029355188257616245e-03
7.941330028476753858e-03
1.459593328184443511e-03
1.963300692062907703e-03
3.459602772367748741e-03
1.611223841307028986e-03
2.816865973115853516e-03
1.209207309621356018e-03
1.251176848830156665e-03
4.806872125274611117e-04
1.666539782755174564e-03
1.638352305506704824e-03
1.041334137794234019e-03
5.708027828395441936e-04
6.190452416131717777e-04
8.150124269517308555e-04
1.222025749976526259e-03
6.509492281199613477e-04
1.821940650097588583e-04
9.403909147125353576e-04
2.696605107966857273e-04
3.904741268748776581e-04
8.165203376635844258e-04
5.155623980258107779e-04
1.253933249230976342e-04
1.617294583876534601e-04
1.159032471013512940e-04
3.364180496706137627e-04
1.545147482929247126e-04
1.037706388329854846e-04
1.587164317584844773e-04
1.846002445853276325e-05
1.325505426574437437e-04
6.085455845355580950e-05
1.435297617877547179e-04
1.253903480179711211e-04
4.778764132176811991e-05
1.216312700381258813e-04
6.093355646726404668e-05
1.068077104923287031e-04
2.617951991349671997e-05
7.278040204602328187e-05
2.502992822012312316e-05
1.385579874193492019e-05
5.651584093653838479e-05
3.706248914186816213e-05
1.918448478867055635e-05
3.986693935680544223e-05
7.674043745321007678e-05
3.038481636830331668e-05
1.891843390325467978e-05
3.167219857746001512e-05
4.194353895660283193e-05
2.615816560772060733e-05
1.862603091015984248e-05
1.944805027467401886e-05
2.862538125136277685e-05
2.234996431527018205e-05
2.339353096611912632e-05
1.809751095913571288e-05
1.797856869923631645e-05
2.735127939088517247e-05
2.122895031100944041e-05
8.700772345570046966e-06
8.910788155987732536e-06
5.401303626563833076e-06
3.215944137180397507e-05
1.860999850918403157e-05
1.268477528198129073e-05
2.090373121375630207e-05
1.797147894172110917e-05
5.261174498174916696e-06
8.557804087988092457e-06
1.305334195504423700e-05
6.829476131178085634e-06
1.219607216347313728e-05
8.328846492487020518e-06
1.405145373693900373e-05
1.272913237977677374e-05
4.362576657056092939e-06
1.788203350063617683e-05
5.391182283720582305e-06
1.473715449376885530e-05
8.363667957384020792e-06
2.103237634419244097e-05
4.992200465879387622e-06
3.759790833824270290e-06
9.631999447404516324e-06
7.342457134321823542e-06
4.886608483435019502e-06
2.833955670604912619e-06
6.358399918571294811e-06
9.418528361226840905e-06
1.015925665547716868e-05
8.625638034091021055e-06
9.431769823325628652e-06
8.091156011299710242e-07
3.841593272152688635e-06
5.739734749131257947e-06
5.842996158888389797e-06
2.456885929951338095e-06
7.660011801586676474e-06
4.278413189827169887e-06
1.380203877637467380e-06
7.996135776921555491e-06
6.945260135651266840e-06
4.436408178988379255e-06
4.359398782935435402e-06
7.835815823843009454e-06
2.761194823243712439e-06
4.482263269232130130e-06
3.656368988864791415e-06
1.739327182637747775e-06
3.469214510458593884e-06
2.993767430111229661e-06
4.855124050677069965e-06
3.755637785742283603e-06
5.130891829011403795e-06
1.367285510855972719e-06
5.176073927552011641e-06
3.605941954789506283e-06
2.684377613486830999e-06
1.998206731143124160e-06
2.679996392285536611e-07
2.865764469767581593e-06
