0.00000020549254279061
0.00000020016371651582
0.00000018526050667588
0.00000016781828304437
0.00000014085793165034
0.00000011668444051636
0.00000012469493970593
0.00000013816615028321
0.00000012929479415757
0.00000010910405778493
0.00000009807062305710
0.00000008632924226280
0.00000007748148217091
0.00000007077027559487
0.00000006548353490100
0.00000006617620718941
0.00000008064174033424
0.00000009162561517988
0.00000008306616894797
0.00000007945835108165
0.00000008470009582945
0.00000008722776878804
0.00000008714544477491
0.00000007831962622038
0.00000005116141230219
0.00000005146690808979
0.00000006069330097866
0.00000005934634836078
0.00000005196675185130
0.00000006512054008930
0.00000008893775325470
0.00000008972840837983
0.00000008654782205440
0.00000011262154545455
0.00000011914434257138
0.00000010973242880567
0.00000013064212600242
0.00000017884659834757
0.00000014918888755414
0.00000007684198622509
0.00000008065223674897
0.00000010284269149791
0.00000012168801289114
0.00000013292583396448
0.00000013290183847001
0.00000011664161576424
0.00000010140086422721
0.00000008537810104083
0.00000008635028736659
0.00000010114616040390
0.00000012046307261954
0.00000012603052042998
0.00000012389988248543
0.00000012728396670007
0.00000015084238260871
0.00000018061783852501
0.00000018512730428285
0.00000017540353440832
0.00000015061965805911
0.00000011448582545963
0.00000009860809518173
0.00000008550975648443
0.00000011403336443116
0.00000013951317049630
0.00000013411144337586
0.00000012875284088227
0.00000010537339778683
0.00000003295082514633
0.00000000475747368874
0.00000000394395961867
0.00000001234706428562
0.00000004111362849726
0.00000004996775230025
0.00000005394052637926
0.00000006483957914544
0.00000008937323028335
0.00000011028223636629
0.00000011248932485358
0.00000011748470951235
0.00000013199548023099
0.00000013624186020650
0.00000012968233480385
0.00000010554701023833
0.00000006336475127697
0.00000002215531249746
0.00000001161823921212
0.00000001822732540244
0.00000003223200144820
0.00000003364313055469
0.00000001965236961706
0.00000001737001637067
0.00000000801156050263
0.00000001538720302275
0.00000004516425428742
0.00000007428071837466
0.00000008521869156241
0.00000006448797946015
0.00000003049095193169
0.00000001213029543804
0.00000000252801406796
0.00000000384048437297
0.00000001130160114353
0.00000003171255320123
0.00000005167556124567
0.00000006611143017646
0.00000007551372332288
0.00000007878969039687
0.00000008285635920606
0.00000009067717536534
0.00000009462868762654
0.00000009211224576629
0.00000008053800887005
0.00000007732955407735
0.00000007814749685300
0.00000008077865023901
0.00000009186136102003
0.00000009351766730115
0.00000007471545811209
0.00000007068835765016
0.00000009618232475931
0.00000011093372844042
0.00000013895629740662
0.00000016069827500748
0.00000015753018060132
0.00000015674344350995
0.00000016323014316802
0.00000017514486354255
0.00000019897354772398
0.00000018089734384225
