4.759512870188536304e+00 1.300000000000000000e+01
9.519025740377072609e+00 2.500000000000000000e+01
1.427853861056560802e+01 3.700000000000000000e+01
1.903805148075414522e+01 7.200000000000000000e+01
2.379756435094268241e+01 8.100000000000000000e+01
2.855707722113121605e+01 1.250000000000000000e+02
3.331659009131975324e+01 1.650000000000000000e+02
3.807610296150829043e+01 2.320000000000000000e+02
4.283561583169682763e+01 2.570000000000000000e+02
4.759512870188536482e+01 3.370000000000000000e+02
5.235464157207390201e+01 3.450000000000000000e+02
5.711415444226243210e+01 4.120000000000000000e+02
6.187366731245096929e+01 5.450000000000000000e+02
6.663318018263950648e+01 6.490000000000000000e+02
7.139269305282805078e+01 6.570000000000000000e+02
7.615220592301658087e+01 7.680000000000000000e+02
8.091171879320511096e+01 8.930000000000000000e+02
8.567123166339365525e+01 9.810000000000000000e+02
9.043074453358218534e+01 1.033000000000000000e+03
9.519025740377072964e+01 1.208000000000000000e+03
9.994977027395925973e+01 1.293000000000000000e+03
1.047092831441478040e+02 1.405000000000000000e+03
1.094687960143363341e+02 1.621000000000000000e+03
1.142283088845248642e+02 1.616000000000000000e+03
1.189878217547134085e+02 1.793000000000000000e+03
1.237473346249019386e+02 2.005000000000000000e+03
1.285068474950904829e+02 2.061000000000000000e+03
1.332663603652790130e+02 2.276000000000000000e+03
1.380258732354675431e+02 2.489000000000000000e+03
1.427853861056561016e+02 2.645000000000000000e+03
1.475448989758446317e+02 2.769000000000000000e+03
1.523044118460331617e+02 2.720000000000000000e+03
1.570639247162216918e+02 3.309000000000000000e+03
1.618234375864102219e+02 3.373000000000000000e+03
1.665829504565987804e+02 3.369000000000000000e+03
1.713424633267873105e+02 3.733000000000000000e+03
1.761019761969758406e+02 3.920000000000000000e+03
1.808614890671643707e+02 4.089000000000000000e+03
1.856210019373529292e+02 4.461000000000000000e+03
1.903805148075414593e+02 4.321000000000000000e+03
1.951400276777299894e+02 4.848000000000000000e+03
1.998995405479185195e+02 4.961000000000000000e+03
2.046590534181070495e+02 5.505000000000000000e+03
2.094185662882956080e+02 5.389000000000000000e+03
2.141780791584841381e+02 5.852000000000000000e+03
2.189375920286726682e+02 5.929000000000000000e+03
2.236971048988611983e+02 6.237000000000000000e+03
2.284566177690497284e+02 6.345000000000000000e+03
2.332161306392382869e+02 7.036000000000000000e+03
2.379756435094268170e+02 6.893000000000000000e+03
2.427351563796153471e+02 7.397000000000000000e+03
2.474946692498038772e+02 7.581000000000000000e+03
2.522541821199924357e+02 7.860000000000000000e+03
2.570136949901809658e+02 8.117000000000000000e+03
2.617732078603694958e+02 8.509000000000000000e+03
2.665327207305580259e+02 8.881000000000000000e+03
2.712922336007465560e+02 9.148000000000000000e+03
2.760517464709350861e+02 9.541000000000000000e+03
2.808112593411236162e+02 9.637000000000000000e+03
2.855707722113122031e+02 1.028100000000000000e+04
2.903302850815007332e+02 1.029600000000000000e+04
2.950897979516892633e+02 1.101700000000000000e+04
2.998493108218777934e+02 1.126500000000000000e+04
3.046088236920663235e+02 1.110900000000000000e+04
3.093683365622548536e+02 1.175200000000000000e+04
3.141278494324433836e+02 1.238900000000000000e+04
3.188873623026319137e+02 1.261700000000000000e+04
3.236468751728204438e+02 1.295700000000000000e+04
3.284063880430090308e+02 1.311300000000000000e+04
3.331659009131975608e+02 1.380800000000000000e+04
3.379254137833860909e+02 1.413300000000000000e+04
3.426849266535746210e+02 1.428100000000000000e+04
3.474444395237631511e+02 1.510500000000000000e+04
3.522039523939516812e+02 1.531200000000000000e+04
3.569634652641402113e+02 1.580100000000000000e+04
3.617229781343287414e+02 1.638100000000000000e+04
3.664824910045172714e+02 1.620500000000000000e+04
3.712420038747058584e+02 1.692800000000000000e+04
3.760015167448943885e+02 1.728500000000000000e+04
3.807610296150829186e+02 1.792100000000000000e+04
3.855205424852714486e+02 1.826100000000000000e+04
3.902800553554599787e+02 1.838400000000000000e+04
3.950395682256485088e+02 1.926500000000000000e+04
3.997990810958370389e+02 1.951700000000000000e+04
4.045585939660255690e+02 1.986700000000000000e+04
4.093181068362140991e+02 1.956600000000000000e+04
4.140776197064026860e+02 1.956700000000000000e+04
4.188371325765912161e+02 1.956700000000000000e+04
4.235966454467797462e+02 1.948900000000000000e+04
4.283561583169682763e+02 1.950800000000000000e+04
4.331156711871568064e+02 1.957300000000000000e+04
4.378751840573453364e+02 1.945700000000000000e+04
4.426346969275338665e+02 1.960500000000000000e+04
4.473942097977223966e+02 1.902200000000000000e+04
4.521537226679109267e+02 1.897300000000000000e+04
4.569132355380994568e+02 1.920100000000000000e+04
4.616727484082880437e+02 1.923900000000000000e+04
4.664322612784765738e+02 1.868000000000000000e+04
4.711917741486651039e+02 1.938300000000000000e+04
4.759512870188536340e+02 1.882700000000000000e+04
4.807107998890421641e+02 1.869300000000000000e+04
4.854703127592306942e+02 1.838300000000000000e+04
4.902298256294192242e+02 1.897000000000000000e+04
4.949893384996077543e+02 1.863700000000000000e+04
4.997488513697962844e+02 1.800300000000000000e+04
5.045083642399848713e+02 1.832300000000000000e+04
5.092678771101734014e+02 1.784200000000000000e+04
5.140273899803619315e+02 1.785300000000000000e+04
5.187869028505504048e+02 1.788700000000000000e+04
5.235464157207389917e+02 1.743900000000000000e+04
5.283059285909275786e+02 1.756200000000000000e+04
5.330654414611160519e+02 1.750700000000000000e+04
5.378249543313046388e+02 1.721500000000000000e+04
5.425844672014931120e+02 1.703700000000000000e+04
5.473439800716816990e+02 1.707400000000000000e+04
5.521034929418701722e+02 1.676300000000000000e+04
5.568630058120587591e+02 1.643500000000000000e+04
5.616225186822472324e+02 1.613100000000000000e+04
5.663820315524358193e+02 1.641100000000000000e+04
5.711415444226244063e+02 1.574900000000000000e+04
5.759010572928128795e+02 1.592300000000000000e+04
5.806605701630014664e+02 1.588300000000000000e+04
5.854200830331899397e+02 1.552100000000000000e+04
5.901795959033785266e+02 1.539300000000000000e+04
5.949391087735669998e+02 1.557000000000000000e+04
5.996986216437555868e+02 1.533700000000000000e+04
6.044581345139440600e+02 1.537200000000000000e+04
6.092176473841326469e+02 1.511700000000000000e+04
6.139771602543212339e+02 1.500900000000000000e+04
6.187366731245097071e+02 1.514500000000000000e+04
6.234961859946982941e+02 1.499200000000000000e+04
6.282556988648867673e+02 1.513700000000000000e+04
6.330152117350753542e+02 1.458400000000000000e+04
6.377747246052638275e+02 1.498500000000000000e+04
6.425342374754524144e+02 1.471300000000000000e+04
6.472937503456408876e+02 1.459500000000000000e+04
6.520532632158294746e+02 1.456900000000000000e+04
6.568127760860180615e+02 1.468000000000000000e+04
6.615722889562065347e+02 1.451700000000000000e+04
6.663318018263951217e+02 1.447900000000000000e+04
6.710913146965835949e+02 1.460500000000000000e+04
6.758508275667721819e+02 1.438400000000000000e+04
6.806103404369606551e+02 1.429200000000000000e+04
6.853698533071492420e+02 1.421200000000000000e+04
6.901293661773377153e+02 1.444400000000000000e+04
6.948888790475263022e+02 1.424800000000000000e+04
