4.759512870188536304e+00 5.143702909304942450e-02 6.927024427762703551e-01
9.519025740377072609e+00 1.341483108077465639e-02 5.735518836589520442e-01
1.427853861056560802e+01 7.832184220114604342e-03 6.581968926706998069e-01
1.903805148075414522e+01 6.719600841870270597e-03 9.121108822734176336e-01
2.379756435094268241e+01 3.966320954810871602e-03 7.809238814386942895e-01
2.855707722113121605e+01 4.201396492778710669e-03 1.120942309552629634e+00
3.331659009131975324e+01 3.545065532509724705e-03 1.222902530541050803e+00
3.807610296150829043e+01 3.853474850447236900e-03 1.660631798778548385e+00
4.283561583169682763e+01 2.591981931662264843e-03 1.359273952745061687e+00
4.759512870188536482e+01 2.511967837180370533e-03 1.570187745836804094e+00
5.235464157207390201e+01 2.101723051963076856e-03 1.539929382113484957e+00
5.711415444226243210e+01 1.888991707544972502e-03 1.600060131393472584e+00
6.187366731245096929e+01 1.874381002109357878e-03 1.814266035024248325e+00
6.663318018263950648e+01 1.893579767755234440e-03 2.073804631228726159e+00
7.139269305282805078e+01 1.588283732239760809e-03 1.951421244502024477e+00
7.615220592301658087e+01 1.516497020837681304e-03 2.074813388560480920e+00
8.091171879320511096e+01 1.392370577152542968e-03 2.107530567267911881e+00
8.567123166339365525e+01 1.220208961836036568e-03 2.031542418208028167e+00
9.043074453358218534e+01 1.139388791935404700e-03 2.075863473330441522e+00
9.519025740377072964e+01 1.138018392726210899e-03 2.258413441059905935e+00
9.994977027395925973e+01 9.994481133195781165e-04 2.151443372373814444e+00
1.047092831441478040e+02 9.478515935461026640e-04 2.204866615925727302e+00
1.094687960143363341e+02 8.786144249840160785e-04 2.200977308419977074e+00
1.142283088845248642e+02 7.578142852860210357e-04 2.037913282032286943e+00
1.189878217547134085e+02 7.419031283326363215e-04 2.135590888894874695e+00
1.237473346249019386e+02 7.022192640621495539e-04 2.157905863934816981e+00
1.285068474950904829e+02 6.337669140290547176e-04 2.073990100695779049e+00
1.332663603652790130e+02 5.986377507871879075e-04 2.081445266816950301e+00
1.380258732354675431e+02 5.615862094853405189e-04 2.070223688151856312e+00
1.427853861056561016e+02 5.082368081457747100e-04 1.982465851781132660e+00
1.475448989758446317e+02 4.693391877121200315e-04 1.933572598978858137e+00
1.523044118460331617e+02 3.991218934547170055e-04 1.733643082393778956e+00
1.570639247162216918e+02 4.250911020470063699e-04 1.943611336388848310e+00
1.618234375864102219e+02 3.744288827974984061e-04 1.799306075447963282e+00
1.665829504565987804e+02 3.272878002431424752e-04 1.650621129867412273e+00
1.713424633267873105e+02 3.236538367486054891e-04 1.710760064099017708e+00
1.761019761969758406e+02 2.986611882356134898e-04 1.652415162102524038e+00
1.808614890671643707e+02 2.696600765757524833e-04 1.559768542053559859e+00
1.856210019373529292e+02 2.573301433406701214e-04 1.554303587895748295e+00
1.903805148075414593e+02 2.196885674251765352e-04 1.384134472109503022e+00
1.951400276777299894e+02 2.191837249421523339e-04 1.438971658856930791e+00
1.998995405479185195e+02 1.965275681279611769e-04 1.343104507735511710e+00
2.046590534181070495e+02 1.909040230546780808e-04 1.356854718329266296e+00
2.094185662882956080e+02 1.638145743842746814e-04 1.209793298604620704e+00
2.141780791584841381e+02 1.607455857123956105e-04 1.232435182352908720e+00
2.189375920286726682e+02 1.430467056826923745e-04 1.137658080779659242e+00
2.236971048988611983e+02 1.336288090103946477e-04 1.101541093845266328e+00
2.284566177690497284e+02 1.229363048528844219e-04 1.049590102540539638e+00
2.332161306392382869e+02 1.181506594832515763e-04 1.043999905490748059e+00
2.379756435094268170e+02 1.034927204193178608e-04 9.457956657161168401e-01
2.427351563796153471e+02 9.749583950905350209e-05 9.208888598544033854e-01
2.474946692498038772e+02 9.064948045699118724e-05 8.843857467399943717e-01
2.522541821199924357e+02 8.285682799890214283e-05 8.344345190638496890e-01
2.570136949901809658e+02 7.733417782463170346e-05 8.034618275993473668e-01
2.617732078603694958e+02 7.292464574032133046e-05 7.811773689373028295e-01
2.665327207305580259e+02 6.702658015541514158e-05 7.398856691039286115e-01
2.712922336007465560e+02 6.190779036420304205e-05 7.038404764696365445e-01
2.760517464709350861e+02 5.756435676258753707e-05 6.737071470542155271e-01
2.808112593411236162e+02 5.238411277292540953e-05 6.307982134435490273e-01
2.855707722113122031e+02 4.975271418141551138e-05 6.161309679638484749e-01
2.903302850815007332e+02 4.477185436329599358e-05 5.699354224676861369e-01
2.950897979516892633e+02 4.274910645743217101e-05 5.591358858643645791e-01
2.998493108218777934e+02 3.942193867092524983e-05 5.295533701350535472e-01
3.046088236920663235e+02 3.504519641229392765e-05 4.832805283776811511e-01
3.093683365622548536e+02 3.340371955535784848e-05 4.727025362523297747e-01
3.141278494324433836e+02 3.115156573844786279e-05 4.521931180278759843e-01
3.188873623026319137e+02 2.895529354322883057e-05 4.309797045965715889e-01
3.236468751728204438e+02 2.604184087319211447e-05 3.973050127943423271e-01
3.284063880430090308e+02 2.439213729822660353e-05 3.813020876205938658e-01
3.331659009131975608e+02 2.326821238307485312e-05 3.725608894781498592e-01
3.379254137833860909e+02 2.120646726107575173e-05 3.476720274081776529e-01
3.426849266535746210e+02 1.951165310576206149e-05 3.274304533399401418e-01
3.474444395237631511e+02 1.875115210706353779e-05 3.219859337299760815e-01
3.522039523939516812e+02 1.711983274735999776e-05 3.007160163953856435e-01
3.569634652641402113e+02 1.606356252783035904e-05 2.885458392831271590e-01
3.617229781343287414e+02 1.505969490448367967e-05 2.765517026053377347e-01
3.664824910045172714e+02 1.361633568335283531e-05 2.555537750209926906e-01
3.712420038747058584e+02 1.299068583655516134e-05 2.491115861953518418e-01
3.760015167448943885e+02 1.201492013597868879e-05 2.353442271173809552e-01
3.807610296150829186e+02 1.135015355291973150e-05 2.270331237000587643e-01
3.855205424852714486e+02 1.058693771310092241e-05 2.161969512319402986e-01
3.902800553554599787e+02 9.771067299350733891e-06 2.036585282903425886e-01
3.950395682256485088e+02 9.348204707609725602e-06 1.988211327925915317e-01
3.997990810958370389e+02 8.735922202154832055e-06 1.895447429688876528e-01
4.045585939660255690e+02 8.245878334944416830e-06 1.824760934405510460e-01
4.093181068362140991e+02 7.719400348241710317e-06 1.741881044556577995e-01
4.140776197064026860e+02 7.264044028099169216e-06 1.671019038830212633e-01
4.188371325765912161e+02 6.874915861099494888e-06 1.611917029570822391e-01
4.235966454467797462e+02 6.423528914842822405e-06 1.534715468263898874e-01
4.283561583169682763e+02 6.076027329937368447e-06 1.478976966145943150e-01
4.331156711871568064e+02 5.823837281482614882e-06 1.443939716140380525e-01
4.378751840573453364e+02 5.477979381260840791e-06 1.383155309058209104e-01
4.426346969275338665e+02 5.246086267906506411e-06 1.348687041640117268e-01
4.473942097977223966e+02 4.850952120151317961e-06 1.269533757026048704e-01
4.521537226679109267e+02 4.618614781109200614e-06 1.230236456036477577e-01
4.569132355380994568e+02 4.479847922475910394e-06 1.214281846016233429e-01
4.616727484082880437e+02 4.225190257510701076e-06 1.165207673576746789e-01
4.664322612784765738e+02 3.965675106146834121e-06 1.112495082094389909e-01
4.711917741486651039e+02 3.980288667301325516e-06 1.135648862657232944e-01
4.759512870188536340e+02 3.700613423211215154e-06 1.073687496695436006e-01
4.807107998890421641e+02 3.544940173107098075e-06 1.045719907096952783e-01
4.854703127592306942e+02 3.364505837252822430e-06 1.008925460270576752e-01
4.902298256294192242e+02 3.339550678393244139e-06 1.017858924287975836e-01
4.949893384996077543e+02 3.155666756472506978e-06 9.774267251202842233e-02
4.997488513697962844e+02 2.946822463465992377e-06 9.274139968614018847e-02
5.045083642399848713e+02 2.893111013440688709e-06 9.250084851411402576e-02
5.092678771101734014e+02 2.729701397009759279e-06 8.865276404211003269e-02
5.140273899803619315e+02 2.672713890659108561e-06 8.815823888720455970e-02
5.187869028505504048e+02 2.590190987147736325e-06 8.675878478981281783e-02
5.235464157207389917e+02 2.451733285479107355e-06 8.338063681331706056e-02
5.283059285909275786e+02 2.413963152744974209e-06 8.334376403646423515e-02
5.330654414611160519e+02 2.344908913095917401e-06 8.217887489666356182e-02
5.378249543313046388e+02 2.215806891082944998e-06 7.881341700762950486e-02
5.425844672014931120e+02 2.152417097767125134e-06 7.769123550729523098e-02
5.473439800716816990e+02 2.125350363489673191e-06 7.783909478979418595e-02
5.521034929418701722e+02 2.038671271329802160e-06 7.574977738752228240e-02
5.568630058120587591e+02 1.948732392736157024e-06 7.345129938630697020e-02
5.616225186822472324e+02 1.878758111505808159e-06 7.182545569685749864e-02
5.663820315524358193e+02 1.868301252762885792e-06 7.243737155451944465e-02
5.711415444226244063e+02 1.763617199776264578e-06 6.933894746293202405e-02
5.759010572928128795e+02 1.741770285460267420e-06 6.943375781916130696e-02
5.806605701630014664e+02 1.699485703340022222e-06 6.868386762207197294e-02
5.854200830331899397e+02 1.615890217443122790e-06 6.619998332339517566e-02
5.901795959033785266e+02 1.579573223130876378e-06 6.559137685883596747e-02
5.949391087735669998e+02 1.536687887762025822e-06 6.467054671061026050e-02
5.996986216437555868e+02 1.486260451424945700e-06 6.338453948680775052e-02
6.044581345139440600e+02 1.466099549449100876e-06 6.335397045996746246e-02
6.092176473841326469e+02 1.394555732746912691e-06 6.105529499923531556e-02
6.139771602543212339e+02 1.361689346796516031e-06 6.039464036337396230e-02
6.187366731245097071e+02 1.331633628529568279e-06 5.982662686098158544e-02
6.234961859946982941e+02 1.280630068395057737e-06 5.827469777906888609e-02
6.282556988648867673e+02 1.261209704217050856e-06 5.812300126264602351e-02
6.330152117350753542e+02 1.193200718388158487e-06 5.568485378736759417e-02
6.377747246052638275e+02 1.188410776816090246e-06 5.615805888985748312e-02
6.425342374754524144e+02 1.128235909671652638e-06 5.397927432469209336e-02
6.472937503456408876e+02 1.107551550862406383e-06 5.364545988706056340e-02
6.520532632158294746e+02 1.082315378287006826e-06 5.306713201667979940e-02
6.568127760860180615e+02 1.050278666221817637e-06 5.212433538643458653e-02
6.615722889562065347e+02 1.015350950039267178e-06 5.100096056919328769e-02
6.663318018263951217e+02 9.926776013975580888e-07 5.046138016123506709e-02
6.710913146965835949e+02 9.668374759560970085e-07 4.973431868696189667e-02
6.758508275667721819e+02 9.305608578422131457e-07 4.843539703129175200e-02
6.806103404369606551e+02 9.037120545982729464e-07 4.759130864775062281e-02
6.853698533071492420e+02 8.760430225187312937e-07 4.667314838256026582e-02
6.901293661773377153e+02 8.652035219836613261e-07 4.663039828661559583e-02
6.948888790475263022e+02 8.222846335760206262e-07 4.482783623107713944e-02
6.996483919177148891e+02 8.044535508331523474e-07 4.435753189062205393e-02
7.044079047879033624e+02 7.956411867003510445e-07 4.437015624225830457e-02
7.091674176580919493e+02 7.688506154442276601e-07 4.336006483480104451e-02
7.139269305282804225e+02 7.418272765046126633e-07 4.230506879854110253e-02
7.186864433984690095e+02 7.235682475136000757e-07 4.172329403118676255e-02
7.234459562686574827e+02 7.037779195505975558e-07 4.103103381383869930e-02
7.282054691388460697e+02 6.862522681239571994e-07 4.044892836372086797e-02
7.329649820090345429e+02 6.765801759173931026e-07 4.031419380063448743e-02
7.377244948792231298e+02 6.534050964339930247e-07 3.935556851316834859e-02
7.424840077494117168e+02 6.276956913436863468e-07 3.821445357569073359e-02
7.472435206196001900e+02 6.295814218689721824e-07 3.873963286887171370e-02
7.520030334897887769e+02 6.060671893969415501e-07 3.768947553480304913e-02
7.567625463599772502e+02 5.853731094095152391e-07 3.678737656531622796e-02
7.615220592301658371e+02 5.833709063219109735e-07 3.704664752363582420e-02
7.662815721003543104e+02 5.672950295185932994e-07 3.640180741530223141e-02
7.710410849705428973e+02 5.559555004331705233e-07 3.604424210560683989e-02
7.758005978407313705e+02 5.409833787736742186e-07 3.543513610691703675e-02
7.805601107109199575e+02 5.327001303355976770e-07 3.525007610818261389e-02
7.853196235811085444e+02 5.295818911443863334e-07 3.540059343858140140e-02
7.900791364512970176e+02 5.151681299908050003e-07 3.478563835672473376e-02
7.948386493214856046e+02 5.010961555891102326e-07 3.417585318260786542e-02
7.995981621916740778e+02 4.902573857203420052e-07 3.377098986398156116e-02
8.043576750618626647e+02 4.854867241227712479e-07 3.377479398498465374e-02
8.091171879320511380e+02 4.583974212542923043e-07 3.220533917369958199e-02
8.138767008022397249e+02 4.310964314116729541e-07 3.058478658011317547e-02
8.186362136724281982e+02 4.063930473244907682e-07 2.911373044704982510e-02
8.233957265426167851e+02 3.889219118969921299e-07 2.813261437058228731e-02
8.281552394128053720e+02 3.651376393636786891e-07 2.666712478756581503e-02
8.329147522829938453e+02 3.505836668015144726e-07 2.584992393100752836e-02
8.376742651531824322e+02 3.285527091391429961e-07 2.445665224000465043e-02
8.424337780233709054e+02 3.150990475225902049e-07 2.367772888847614887e-02
8.471932908935594924e+02 2.979955914848149666e-07 2.260375990521171913e-02
8.519528037637479656e+02 2.845547606741605626e-07 2.178671488824403604e-02
8.567123166339365525e+02 2.725462449981461885e-07 2.106194886220501966e-02
8.614718295041250258e+02 2.588221518950756021e-07 2.018691298549879845e-02
8.662313423743136127e+02 2.476824733888791549e-07 1.949628052550238591e-02
8.709908552445021996e+02 2.393832027944202221e-07 1.901587579349143381e-02
8.757503681146906729e+02 2.268755495636813463e-07 1.818674211488148854e-02
8.805098809848792598e+02 2.155544231509780360e-07 1.743601880924742012e-02
8.852693938550677331e+02 2.044472289808474877e-07 1.668682244458858863e-02
8.900289067252563200e+02 1.987824929135773884e-07 1.637011207962685636e-02
8.947884195954447932e+02 1.889451991541597410e-07 1.569892035648970396e-02
8.995479324656333802e+02 1.846378439705160589e-07 1.547727751342214096e-02
9.043074453358218534e+02 1.747253820154838753e-07 1.477574915243483160e-02
9.090669582060104403e+02 1.660578814245195812e-07 1.416617538080443620e-02
9.138264710761989136e+02 1.593479619453669834e-07 1.371258724121511390e-02
9.185859839463875005e+02 1.540617631659692841e-07 1.337297054646088140e-02
9.233454968165760874e+02 1.465636192406245727e-07 1.283216415555948377e-02
9.281050096867645607e+02 1.419203571703590127e-07 1.253256282262878336e-02
9.328645225569531476e+02 1.353093964419907565e-07 1.205106933081779956e-02
9.376240354271416209e+02 1.301592342946596504e-07 1.169112232378745168e-02
9.423835482973302078e+02 1.250223126114813825e-07 1.132488205572411769e-02
9.471430611675186810e+02 1.204740698188733993e-07 1.100490298583500955e-02
9.519025740377072680e+02 1.148799051441941176e-07 1.058193047038563650e-02
9.566620869078957412e+02 1.107081799639448173e-07 1.028278248911603659e-02
9.614215997780843281e+02 1.069023185108956137e-07 1.001175582909740423e-02
9.661811126482729151e+02 1.022923003794790620e-07 9.659185747028845720e-03
9.709406255184613883e+02 9.807561411411725523e-08 9.337174840510166843e-03
9.757001383886499752e+02 9.401362653359406026e-08 9.023702111389026240e-03
9.804596512588384485e+02 8.981272490831475162e-08 8.690686480281449577e-03
9.852191641290270354e+02 8.615247069908517028e-08 8.404060207424658702e-03
9.899786769992155087e+02 8.281242128322728282e-08 8.143389673930710726e-03
9.947381898694040956e+02 7.970388071515800224e-08 7.900612958435746999e-03
9.994977027395925688e+02 7.675831867619695691e-08 7.669407028055589583e-03
1.004257215609781156e+03 7.345061224479262347e-08 7.397250994513595787e-03
1.009016728479969743e+03 7.154683200377575333e-08 7.262525762609961869e-03
1.013776241350158216e+03 6.810599790881540161e-08 6.967690889993729229e-03
1.018535754220346803e+03 6.417040388080903881e-08 6.616503869690497711e-03
1.023295267090535276e+03 6.217800409579432157e-08 6.461079024926283908e-03
1.028054779960723863e+03 5.960253961786331595e-08 6.241541457968098096e-03
1.032814292830912336e+03 5.669642034437644015e-08 5.983096927565271367e-03
1.037573805701100810e+03 5.415159425874020010e-08 5.758502755156088247e-03
1.042333318571289510e+03 5.243058189542547831e-08 5.618180805743099374e-03
1.047092831441477983e+03 5.000618323083689957e-08 5.399236509115387835e-03
1.051852344311666457e+03 4.753268831986951799e-08 5.171108809400479581e-03
1.056611857181855157e+03 4.545069447238581077e-08 4.981953352563292699e-03
1.061371370052043630e+03 4.273394931204481125e-08 4.719383953156478829e-03
1.066130882922232104e+03 4.126517889330408382e-08 4.591288734671533471e-03
1.070890395792420577e+03 3.948168697305809739e-08 4.425585549137442225e-03
1.075649908662609278e+03 3.719838358180564278e-08 4.200577253160316972e-03
1.080409421532797751e+03 3.558075620615962804e-08 4.047583143186887257e-03
1.085168934402986224e+03 3.394311517835102100e-08 3.889680700409251825e-03
1.089928447273174925e+03 3.156366868819075520e-08 3.643488943004279980e-03
1.094687960143363398e+03 2.984121092257496831e-08 3.469767261005602451e-03
1.099447473013551871e+03 2.805149043689321320e-08 3.285338201201362489e-03
1.104206985883740344e+03 2.640079382097954670e-08 3.114352757588887376e-03
1.108966498753929045e+03 2.450564570921904614e-08 2.911589836154747021e-03
1.113726011624117518e+03 2.261640162151027377e-08 2.706371715624762957e-03
1.118485524494305992e+03 2.185836830402447144e-08 2.634318928052547214e-03
1.123245037364494465e+03 1.956915842609478780e-08 2.375178919037781566e-03
1.128004550234683165e+03 1.798821279996605947e-08 2.198734390003612236e-03
1.132764063104871639e+03 1.649285283490930511e-08 2.030150439394101929e-03
1.137523575975060112e+03 1.526488241124155354e-08 1.892172852764224811e-03
1.142283088845248813e+03 1.360814690164168783e-08 1.698590018268052041e-03
1.147042601715437286e+03 1.239408564345157506e-08 1.557807317975729326e-03
1.151802114585625759e+03 1.192832039835778731e-08 1.509648182229639734e-03
1.156561627455814232e+03 1.077215406307293850e-08 1.372725984594693957e-03
1.161321140326002933e+03 9.917019542909304399e-09 1.272433385879706124e-03
1.166080653196191406e+03 9.152031223971877634e-09 1.182311216237409831e-03
1.170840166066379879e+03 8.817600676308801188e-09 1.146867153712253845e-03
1.175599678936568580e+03 8.127874154407842469e-09 1.064329424165330390e-03
1.180359191806757053e+03 7.522492956082155081e-09 9.917116924701280516e-04
1.185118704676945526e+03 7.007924174312209266e-09 9.300917992779726608e-04
1.189878217547134000e+03 6.601593535647828706e-09 8.820359870548325973e-04
1.194637730417322700e+03 6.074247865839198399e-09 8.169952937107902201e-04
1.199397243287511174e+03 5.481155944326358742e-09 7.421252966707950812e-04
1.204156756157699647e+03 5.326710824842198297e-09 7.259903227842741695e-04
1.208916269027888120e+03 4.798256532606445679e-09 6.582797570278614086e-04
1.213675781898076821e+03 4.473848318852796625e-09 6.178063943685707183e-04
1.218435294768265294e+03 4.252728822838330656e-09 5.911147667650994445e-04
1.223194807638453767e+03 3.887332476731642248e-09 5.438482492205612764e-04
1.227954320508642468e+03 3.550156120627298368e-09 4.999015358521700057e-04
1.232713833378830941e+03 3.261839788839661305e-09 4.622742919670952346e-04
1.237473346249019414e+03 3.198687145644305293e-09 4.562450730445666855e-04
1.242232859119207887e+03 2.789876342168114954e-09 4.004884315026985405e-04
1.246992371989396588e+03 2.634360555347688497e-09 3.805819699435280634e-04
1.251751884859585061e+03 2.502175889799451126e-09 3.637879071864959734e-04
1.256511397729773535e+03 2.229340993173425627e-09 3.261774170209081258e-04
1.261270910599962008e+03 1.964703632266750627e-09 2.892750743213291721e-04
1.266030423470150708e+03 1.932314568222404382e-09 2.862978357983394194e-04
1.270789936340339182e+03 1.721573553604704399e-09 2.566739893519749249e-04
1.275549449210527655e+03 1.498898546570996407e-09 2.248714935604583952e-04
1.280308962080716356e+03 1.457583771220929222e-09 2.200348644558727980e-04
1.285068474950904829e+03 1.311189274882475083e-09 1.991632345944332116e-04
1.289827987821093302e+03 1.099237866205095159e-09 1.680007966356793973e-04
1.294587500691281775e+03 1.017348611979354097e-09 1.564427636848091747e-04
1.299347013561470476e+03 1.034528853440970421e-09 1.600606325179883532e-04
1.304106526431658949e+03 7.540626968966146027e-10 1.173804862481238012e-04
1.308866039301847422e+03 7.062477366576470533e-10 1.106069460602463421e-04
1.313625552172036123e+03 7.095366800067155783e-10 1.117963172770085242e-04
1.318385065042224596e+03 4.922274170233835860e-10 7.802544565107737368e-05
1.323144577912413069e+03 4.391275847160355730e-10 7.002765038112363026e-05
1.327904090782601543e+03 5.364062060300042250e-10 8.605411485612313367e-05
1.332663603652790243e+03 2.874232834933329888e-10 4.638627601493384924e-05
1.337423116522978717e+03 2.311309340063193404e-10 3.752373987839735205e-05
1.342182629393167190e+03 3.678478611171279486e-10 6.007414404573484099e-05
1.346942142263355663e+03 1.621197688473666888e-10 2.663284394061829502e-05
1.351701655133544364e+03 1.276899949442648330e-10 2.110044489853573780e-05
1.356461168003732837e+03 2.026501406090906146e-10 3.368417011337429925e-05
1.361220680873921310e+03 7.172064822295486130e-11 1.199108377698282066e-05
1.365980193744110011e+03 5.442733700917689730e-11 9.152879743578874982e-06
1.370739706614298484e+03 6.584360206596102410e-11 1.113709447327751872e-05
1.375499219484486957e+03 1.896564989707956737e-11 3.226524568716951255e-06
1.380258732354675431e+03 1.400802656169398002e-11 2.396869904112720568e-06
1.385018245224864131e+03 1.023535401831972724e-11 1.761416361349470694e-06
