6.346017160251381739e+00 3.734700384250306138e-04 8.123774066731311722e-03
1.269203432050276348e+01 2.518199591131992034e-04 1.739037226413458689e-02
1.903805148075414522e+01 1.403790119050510744e-04 1.905488546336763303e-02
2.538406864100552696e+01 1.326103844159251641e-04 2.907454474086016566e-02
3.173008580125690870e+01 1.113617685448737850e-04 3.541507752693109218e-02
3.807610296150829043e+01 8.252198630744067304e-05 3.556235342877588773e-02
4.442212012175967573e+01 5.994058903986253256e-05 3.339794998973081436e-02
5.076813728201105391e+01 5.482191370434776712e-05 3.815981321280639132e-02
5.711415444226243210e+01 5.311746265616589408e-05 4.499285726742092290e-02
6.346017160251381739e+01 4.440149324479705426e-05 4.482974957092020207e-02
6.980618876276520268e+01 4.401696418838855416e-05 5.209267169749019766e-02
7.615220592301658087e+01 3.486619944511181471e-05 4.770260437239660922e-02
8.249822308326795905e+01 3.488107854164230640e-05 5.453360764280679174e-02
8.884424024351935145e+01 3.137884618082276161e-05 5.550759786527775796e-02
9.519025740377072964e+01 2.475782036144970081e-05 4.913224130033590209e-02
1.015362745640221078e+02 2.518493427652023777e-05 5.565568467996702406e-02
1.078822917242734860e+02 2.098400095633587211e-05 5.130250482698722053e-02
1.142283088845248642e+02 1.949522635099948978e-05 5.242653970548022402e-02
1.205743260447762566e+02 1.753110352720777077e-05 5.159021362827028584e-02
1.269203432050276348e+02 1.579190384621176430e-05 5.061973734203578656e-02
1.332663603652790130e+02 1.414005637910300238e-05 4.916454631220137927e-02
1.396123775255304054e+02 1.252946266598142197e-05 4.707666091520667367e-02
1.459583946857817693e+02 1.140772472607079435e-05 4.615805459466666705e-02
1.523044118460331617e+02 1.003709071164365682e-05 4.359754041298689875e-02
1.586504290062845541e+02 9.302516251237403914e-06 4.325163427841294955e-02
1.649964461665359181e+02 8.384161532753645792e-06 4.161506914232204757e-02
1.713424633267873105e+02 7.425976128740104717e-06 3.925200926281290081e-02
1.776884804870387029e+02 6.542378227105487085e-06 3.674242110918156390e-02
1.840344976472900669e+02 5.908185982682505059e-06 3.517922151395254382e-02
1.903805148075414593e+02 5.321239632305091696e-06 3.352614701690071614e-02
1.967265319677928233e+02 4.851986317685737234e-06 3.228675965569225564e-02
2.030725491280442156e+02 4.462700338513104416e-06 3.131000184726270841e-02
2.094185662882956080e+02 3.746571525318176694e-06 2.766894912195263720e-02
2.157645834485469720e+02 3.436965494524633425e-06 2.667731421073709155e-02
2.221106006087983644e+02 3.046675195499614657e-06 2.481846787609607100e-02
2.284566177690497284e+02 2.766908787130423948e-06 2.362296541351107185e-02
2.348026349293011208e+02 2.600778856059907363e-06 2.324208237567599450e-02
2.411486520895525132e+02 2.169188183000392531e-06 2.026618305643499221e-02
2.474946692498038772e+02 2.041236982434544145e-06 1.991452001581153070e-02
2.538406864100552980e+02 1.783634698309514137e-06 1.815130975615629125e-02
2.601867035703066335e+02 1.675972572517397322e-06 1.777223600724264427e-02
2.665327207305580259e+02 1.457579355874445259e-06 1.608976729071726064e-02
2.728787378908094183e+02 1.297867900844755401e-06 1.489978451959649529e-02
2.792247550510608107e+02 1.182609083612856854e-06 1.410688334012344392e-02
2.855707722113122031e+02 1.090821009971786796e-06 1.350858170869941900e-02
2.919167893715635387e+02 9.808229347863980603e-07 1.259957034305029221e-02
2.982628065318149311e+02 8.733099806596595811e-07 1.162787239099978207e-02
3.046088236920663235e+02 7.858659327053058550e-07 1.083725423375304572e-02
3.109548408523177159e+02 7.032292261689165041e-07 1.003673479257669900e-02
3.173008580125691083e+02 6.248003489303725469e-07 9.222740891994011744e-03
3.236468751728204438e+02 5.925188047825680924e-07 9.039710075080066576e-03
3.299928923330718362e+02 5.170127108393985655e-07 8.147209112407649903e-03
3.363389094933232286e+02 4.713840609495584904e-07 7.667787696346089858e-03
3.426849266535746210e+02 4.322988227563379415e-07 7.254526243685069375e-03
3.490309438138260134e+02 3.915392974355416035e-07 6.774572735089078555e-03
3.553769609740774058e+02 3.595830018830292285e-07 6.411327112483369492e-03
3.617229781343287414e+02 3.180490060463655379e-07 5.840556179386513676e-03
3.680689952945801338e+02 2.909709946166919425e-07 5.500452577827883056e-03
3.744150124548315262e+02 2.654011975405907556e-07 5.162082816959255582e-03
3.807610296150829186e+02 2.445761464491182887e-07 4.892170511348063223e-03
3.871070467753343110e+02 2.203816811627461595e-07 4.531346647960060939e-03
3.934530639355856465e+02 2.059623631925458569e-07 4.351203738713691448e-03
3.997990810958370389e+02 1.866532719604669916e-07 4.049846786561567789e-03
4.061450982560884313e+02 1.739707176316458317e-07 3.875057773501982411e-03
4.124911154163398237e+02 1.592601615594886739e-07 3.640252285924102174e-03
4.188371325765912161e+02 1.458758163527272267e-07 3.420255859595368493e-03
4.251831497368425516e+02 1.366303342796314043e-07 3.284786942271449278e-03
4.315291668970939440e+02 1.266235473918756710e-07 3.120312332986015583e-03
4.378751840573453364e+02 1.183118075755827723e-07 2.987298662208098029e-03
4.442212012175967288e+02 1.104562489172768928e-07 2.856641629333680696e-03
4.505672183778481212e+02 1.023835527793275407e-07 2.711208061892821704e-03
4.569132355380994568e+02 9.628250594379769371e-08 2.609778302293079989e-03
4.632592526983508492e+02 9.058396987624595464e-08 2.512415825448912395e-03
4.696052698586022416e+02 8.523306014189769785e-08 2.418223020070559524e-03
4.759512870188536340e+02 8.136231201978878516e-08 2.360627472460367828e-03
4.822973041791050264e+02 7.655418590979678621e-08 2.270702997159354530e-03
4.886433213393564188e+02 7.287349675256519510e-08 2.209138212979670605e-03
4.949893384996077543e+02 6.876404755482467713e-08 2.129876916492254215e-03
5.013353556598591467e+02 6.659444409672216603e-08 2.106938635624707422e-03
5.076813728201105391e+02 6.262505444307170221e-08 2.023330516076011186e-03
5.140273899803619315e+02 6.143053385138131265e-08 2.026257916032702007e-03
5.203734071406132671e+02 5.896474673384538111e-08 1.985108558210102892e-03
5.267194243008647163e+02 5.658442868921895306e-08 1.943848853960762754e-03
5.330654414611160519e+02 5.439557051700027211e-08 1.906328539878067267e-03
5.394114586213675011e+02 5.319678314863949570e-08 1.901453243880479394e-03
5.457574757816188367e+02 5.138044183832614914e-08 1.872681802148631978e-03
5.521034929418701722e+02 5.048782413897850445e-08 1.875948071222564417e-03
5.584495101021216215e+02 4.912065583449476799e-08 1.860247289749617297e-03
5.647955272623729570e+02 4.751811698864133778e-08 1.833769043888106107e-03
5.711415444226244063e+02 4.589215621309354623e-08 1.804310940619115525e-03
5.774875615828757418e+02 4.670386860641175518e-08 1.870354432711690117e-03
5.838335787431270774e+02 4.475289500776072769e-08 1.825168299027054696e-03
5.901795959033785266e+02 4.449067761432099874e-08 1.847464086737127731e-03
5.965256130636298622e+02 4.346646287390096000e-08 1.837396113408735565e-03
6.028716302238813114e+02 4.341068526871487583e-08 1.867689686504476814e-03
6.092176473841326469e+02 4.247408313447168534e-08 1.859565462105376189e-03
6.155636645443839825e+02 4.152718831294849740e-08 1.849783159444418198e-03
6.219096817046354317e+02 4.196452224936655135e-08 1.901491899321451672e-03
6.282556988648867673e+02 4.099659523264016624e-08 1.889333033597441220e-03
6.346017160251382165e+02 4.071045703847430972e-08 1.907837503006456917e-03
6.409477331853895521e+02 4.053334318486207195e-08 1.931301683110225138e-03
6.472937503456408876e+02 3.971887347604536981e-08 1.923826689745777646e-03
6.536397675058923369e+02 3.932708396471872096e-08 1.936076544350946813e-03
6.599857846661436724e+02 3.876054509674240828e-08 1.939162385294795985e-03
6.663318018263951217e+02 3.881602465437026356e-08 1.973158428954624889e-03
6.726778189866464572e+02 3.862794860432272051e-08 1.994864907615479573e-03
6.790238361468977928e+02 3.859246034022652630e-08 2.024467610630594980e-03
6.853698533071492420e+02 3.792952106295779408e-08 2.020779937908839894e-03
6.917158704674005776e+02 3.822805117674982542e-08 2.068212024991697776e-03
6.980618876276520268e+02 3.746043285978490717e-08 2.057766077522233793e-03
7.044079047879033624e+02 3.749523247930704027e-08 2.090979390277858396e-03
7.107539219481548116e+02 3.727446421384401157e-08 2.109972771646624091e-03
7.170999391084061472e+02 3.684050405009723380e-08 2.116532977690551310e-03
7.234459562686574827e+02 3.666266535199255948e-08 2.137474080919795488e-03
7.297919734289089320e+02 3.619904408430763063e-08 2.141389027442107667e-03
7.361379905891602675e+02 3.604964408436734116e-08 2.163547163696677347e-03
7.424840077494117168e+02 3.610540395976001350e-08 2.198116543540756633e-03
7.488300249096630523e+02 3.588993939392605542e-08 2.216212877397909491e-03
7.551760420699143879e+02 3.540762255594253147e-08 2.217398620117708684e-03
7.615220592301658371e+02 3.511361842856020075e-08 2.229870963918953019e-03
7.678680763904171727e+02 3.493398392395784401e-08 2.249360874957927886e-03
7.742140935506686219e+02 3.466014869836465740e-08 2.262553599069671954e-03
7.805601107109199575e+02 3.450161480165986344e-08 2.283056598554840562e-03
7.869061278711712930e+02 3.439176047137053712e-08 2.306707987960659317e-03
7.932521450314227422e+02 3.410235548750474440e-08 2.318122963526025176e-03
7.995981621916740778e+02 3.388254284903498835e-08 2.333972000114641066e-03
8.059441793519255270e+02 3.357604271808608678e-08 2.343533218960022497e-03
8.122901965121768626e+02 3.143307194619991231e-08 2.222826229748189886e-03
8.186362136724281982e+02 2.976509811758195753e-08 2.132352039559728876e-03
8.249822308326796474e+02 2.742806248132860879e-08 1.990380558070609183e-03
8.313282479929309829e+02 2.541939568595989909e-08 1.868326546174373321e-03
8.376742651531824322e+02 2.416578259059487006e-08 1.798841173686506608e-03
8.440202823134337677e+02 2.279037528616303168e-08 1.717933236171671893e-03
8.503662994736851033e+02 2.111422938372493691e-08 1.611580372910062032e-03
8.567123166339365525e+02 1.959277653962962629e-08 1.514099222130527818e-03
8.630583337941878881e+02 1.879670467441163726e-08 1.470557359271247241e-03
8.694043509544393373e+02 1.775851516332210494e-08 1.406402617272644847e-03
8.757503681146906729e+02 1.668214451055165634e-08 1.337269973428448612e-03
8.820963852749420084e+02 1.563406162120639563e-08 1.268426256514897012e-03
8.884424024351934577e+02 1.511497559596215971e-08 1.241050860455602221e-03
8.947884195954447932e+02 1.414059347229261774e-08 1.174901779504317761e-03
9.011344367556962425e+02 1.359338967690559525e-08 1.142818014683543533e-03
9.074804539159475780e+02 1.277396530627488588e-08 1.086562047835820492e-03
9.138264710761989136e+02 1.244657199621123463e-08 1.071081815345890182e-03
9.201724882364503628e+02 1.174422461604230236e-08 1.022366058159098661e-03
9.265185053967016984e+02 1.121133932853055706e-08 9.872208686362547465e-04
9.328645225569531476e+02 1.065615615349768416e-08 9.490699092791840411e-04
9.392105397172044832e+02 1.034479176043040171e-08 9.318085305297224823e-04
9.455565568774559324e+02 9.825879890566669709e-09 8.950568803642168329e-04
9.519025740377072680e+02 9.395956299570452911e-09 8.654895400552250345e-04
9.582485911979586035e+02 9.099406746142316563e-09 8.475071957787694461e-04
9.645946083582100528e+02 8.623055776202235569e-09 8.120247105856769456e-04
9.709406255184613883e+02 8.349203412123003055e-09 7.948762058962736878e-04
9.772866426787128376e+02 8.000272124752036044e-09 7.699715841817884919e-04
9.836326598389641731e+02 7.638256474445506674e-09 7.431032100558559051e-04
9.899786769992155087e+02 7.411325036741718732e-09 7.287953526673484131e-04
9.963246941594669579e+02 6.999739845468657888e-09 6.956915421050547657e-04
1.002670711319718293e+03 6.812773980482298187e-09 6.843125889828872727e-04
1.009016728479969743e+03 6.472892530831330856e-09 6.570458460171555099e-04
1.015362745640221078e+03 6.226766265926767165e-09 6.387015036382920775e-04
1.021708762800472414e+03 5.936645070071730960e-09 6.152991027772073502e-04
1.028054779960723863e+03 5.672482734782118685e-09 5.940189190888050391e-04
1.034400797120975312e+03 5.424406561515267358e-09 5.738965890620467084e-04
1.040746814281226534e+03 5.173532923263286454e-09 5.529625265853683504e-04
1.047092831441477983e+03 5.015228885523632786e-09 5.415011734707051447e-04
1.053438848601729433e+03 4.675855678346888448e-09 5.099684575391665682e-04
1.059784865761980654e+03 4.399041126735380761e-09 4.846046135111442554e-04
1.066130882922232104e+03 4.248163290439401148e-09 4.726635090779768874e-04
1.072476900082483553e+03 3.951011684724088062e-09 4.439712953196491962e-04
1.078822917242735002e+03 3.795825484357697315e-09 4.307479075334615082e-04
1.085168934402986224e+03 3.422480502709433517e-09 3.921960694817569742e-04
1.091514951563237673e+03 3.349978659594649108e-09 3.876366712816029631e-04
1.097860968723489123e+03 3.043823555063117351e-09 3.556299939213009953e-04
1.104206985883740344e+03 2.867298100756352475e-09 3.382389865801620579e-04
1.110553003043991794e+03 2.592129311408173507e-09 3.087134001529429094e-04
1.116899020204243243e+03 2.411432821986879937e-09 2.899334684829195353e-04
1.123245037364494465e+03 2.184661269383982730e-09 2.651601708819453828e-04
1.129591054524745914e+03 1.959430020511365341e-09 2.400666497381701014e-04
1.135937071684997363e+03 1.746222089436440606e-09 2.159516862380890382e-04
1.142283088845248813e+03 1.576072471152581636e-09 1.967278121640406391e-04
1.148629106005500034e+03 1.378600198136722563e-09 1.736752895475014062e-04
1.154975123165751484e+03 1.267167987337997565e-09 1.611097818553884479e-04
1.161321140326002933e+03 1.137202940791360206e-09 1.459122856542245260e-04
1.167667157486254155e+03 1.034690196209287609e-09 1.339703759325043303e-04
1.174013174646505604e+03 9.457085829287490916e-10 1.235602983082044080e-04
1.180359191806757053e+03 8.694547899260506405e-10 1.146227037071095124e-04
1.186705208967008275e+03 7.807583485538060053e-10 1.038535591050820256e-04
1.193051226127259724e+03 7.118094728808668583e-10 9.552761075213908452e-05
1.199397243287511174e+03 6.636107758565770457e-10 8.985008799398891486e-05
1.205743260447762623e+03 5.992316577667441361e-10 8.185015154159968720e-05
1.212089277608013845e+03 5.331914616659055505e-10 7.346957627881826869e-05
1.218435294768265294e+03 5.020397727893204039e-10 6.978181199926563878e-05
1.224781311928516743e+03 4.600867947580395920e-10 6.450658048294760725e-05
1.231127329088767965e+03 3.987457793623766780e-10 5.638986470917572806e-05
1.237473346249019414e+03 3.706490516319978950e-10 5.286756595311773821e-05
1.243819363409270863e+03 3.432863813985854658e-10 4.938390523689522053e-05
1.250165380569522313e+03 3.070485630930668336e-10 4.454710816778526775e-05
1.256511397729773535e+03 2.629854308509081331e-10 3.847769758495929085e-05
1.262857414890024984e+03 2.388816034108896468e-10 3.524573484566469092e-05
1.269203432050276433e+03 2.246156684942904886e-10 3.341889694199338598e-05
1.275549449210527655e+03 1.887978699221193766e-10 2.832430459522712496e-05
1.281895466370779104e+03 1.717978543411243790e-10 2.598795392277478312e-05
1.288241483531030553e+03 1.424934965987692064e-10 2.173320836070058050e-05
1.294587500691281775e+03 1.423768681058588834e-10 2.189400021683044029e-05
1.300933517851533225e+03 1.150178825157538063e-10 1.783160929978161113e-05
1.307279535011784674e+03 9.038891563125171558e-11 1.412741210060461116e-05
1.313625552172036123e+03 7.331256047577975571e-11 1.155130453757876882e-05
1.319971569332287345e+03 7.690532358917845908e-11 1.221510953413202302e-05
1.326317586492538794e+03 5.734150349638503773e-11 9.180823179526988067e-06
1.332663603652790243e+03 4.848360876819311472e-11 7.824606382571088330e-06
1.339009620813041465e+03 2.679227706920459061e-11 4.358286622038040482e-06
1.345355637973292914e+03 3.190522848667643193e-11 5.231067984097774385e-06
1.351701655133544364e+03 2.446529443707547095e-11 4.042827297638249371e-06
1.358047672293795586e+03 2.023424837203607132e-11 3.369861891821577548e-06
1.364393689454047035e+03 6.022802295743335292e-12 1.010876523619853837e-06
1.370739706614298484e+03 9.452863197833997275e-12 1.598901444847751232e-06
1.377085723774549933e+03 4.314107057414503694e-12 7.353473723134648441e-07
1.383431740934801155e+03 1.841292594160460314e-12 3.162658981418203229e-07
1.389777758095052604e+03 3.175768528903637335e-13 5.496561635491384652e-08
