3.141592653589793116e+00 3.700410159330420196e-02 2.493635578930456509e-01
9.779046896842146452e+00 9.615697246749009552e-03 4.300064755327259181e-01
1.679074505270070361e+01 4.866499973950339474e-03 5.357966629999071362e-01
2.419778835983165521e+01 3.144281365062881039e-03 6.365231330141507549e-01
3.202246782180651508e+01 2.825092871628033606e-03 9.122713986758426152e-01
4.028833129039291805e+01 1.681768867662762103e-03 7.962787171488058258e-01
4.902025433124639164e+01 1.424079637695260065e-03 9.350328672200396429e-01
5.824451508526863819e+01 1.215091706369300683e-03 1.063410097396636278e+00
6.798887335092263129e+01 9.703535959230950208e-04 1.098988362997393109e+00
7.828265412549745861e+01 7.545734885831341561e-04 1.080962875173659077e+00
8.915683585673480138e+01 6.447396780418140688e-04 1.147207937608621942e+00
1.006441436704044747e+02 5.386177215340134418e-04 1.172901351712956508e+00
1.127791478543911268e+02 4.315233664429189318e-04 1.136019183421332013e+00
1.255983678956734622e+02 3.530276621072111327e-04 1.112027165151271646e+00
1.391403823832883688e+02 2.766453729009289990e-04 1.033583096853482708e+00
1.534459451080255121e+02 1.768637961642220376e-04 7.778537858773643121e-01
1.931769996332662060e+02 8.571656968160053518e-05 5.533379752939296958e-01
2.431954338124713502e+02 3.453188297132401196e-05 3.271994923345532547e-01
3.061649116588266679e+02 1.163518721902636169e-05 1.618200769031503949e-01
3.854387874870132009e+02 3.519495511408470897e-06 7.184658162569861062e-02
4.852386842585326008e+02 1.223727385463033052e-06 3.666714026256717718e-02
6.108793103986330379e+02 4.817165408408950790e-07 2.118607895676491437e-02
7.690514874001360113e+02 1.526341037300459631e-07 9.853199472693863203e-03
9.681784604661330604e+02 2.048259781383694462e-08 1.940784871750455762e-03
