6.519046144869742321e+00 7.818105598686204971e-02 1.778586360252121690e+00
1.352752165064431367e+01 2.146120585534313022e-02 1.648230133500443451e+00
2.106217132538190384e+01 1.147391786137926667e-02 1.843105966784551741e+00
2.916249866108384481e+01 9.672765445251117061e-03 2.672546127753104184e+00
3.787097294695769989e+01 6.899715605351252473e-03 2.946740970988424024e+00
4.723325193208891193e+01 5.016631099584896447e-03 3.096173181907188265e+00
5.729842120492141788e+01 4.101080144691816691e-03 3.492496792039238240e+00
6.811925154459237319e+01 3.983014970865584106e-03 4.525449448908308803e+00
7.975247559339092618e+01 3.282940729804619331e-03 4.851060192971359264e+00
9.225908530090995896e+01 2.768704084989156641e-03 5.215449952935414579e+00
1.057046516993636374e+02 2.372817655451280212e-03 5.607309539489737205e+00
1.201596686866242862e+02 2.038260170772876381e-03 5.963814891386009620e+00
1.356999226194020309e+02 1.701853595977829503e-03 6.098478962447231311e+00
1.524068896543111009e+02 1.366285442919739366e-03 5.941313119523512931e+00
1.703681629200463590e+02 1.079730313639582721e-03 5.653221845280769209e+00
1.896779117602955012e+02 8.507741953877133835e-04 5.327321518181682869e+00
2.104373754551562570e+02 6.618525911249570261e-04 4.927569229834160680e+00
2.327553940095953919e+02 4.814776407397464283e-04 4.240421694445137391e+00
2.567489787918265165e+02 3.563855280424286544e-04 3.696306149963647147e+00
2.825439260134115784e+02 2.487874873645378208e-04 3.026717072490724636e+00
3.102754762675076563e+02 1.742349195912489869e-04 2.477693705223745102e+00
3.400890235831590189e+02 1.174897188754613824e-04 1.946797993937625648e+00
3.721408777131421743e+02 7.971092661274419705e-05 1.534723537153035222e+00
4.065990836519705454e+02 5.319898338532576742e-05 1.187172949541148492e+00
4.436443026807183969e+02 3.665324486648668218e-05 9.458826860336099207e-01
4.834707595579034205e+02 2.615393200493751222e-05 7.789101178707136253e-01
5.262872608224630540e+02 1.952429091259703250e-05 6.698024003440845586e-01
5.723182895476982139e+02 1.495731539215257251e-05 5.900874245893958925e-01
6.218051822858783453e+02 1.159930389234048288e-05 5.254392229219509991e-01
6.750073943741253970e+02 8.896989680600639056e-06 4.621227021124504897e-01
7.322038602354595014e+02 6.813742692461361850e-06 4.052960951988182070e-01
7.936944558069440063e+02 5.329849527023198508e-06 3.626356745310257423e-01
8.598015707623101207e+02 3.214417986531563474e-06 2.498998947353086864e-01
9.308717987720804103e+02 1.813669789813960641e-06 1.609563103156247399e-01
1.007277754663077076e+03 1.014286154161577395e-06 1.026618852170854274e-01
1.089420028004515871e+03 4.885819091667467881e-07 5.635463493263033474e-02
1.177729283363164086e+03 1.438877689521747796e-07 1.889874657621599258e-02
1.272668518239011746e+03 3.361644067735740104e-08 5.024319286330193243e-03
