6.283185307179586232e+00 3.816878592648584867e-01 1.109272137967863259e+01
1.256637061435917246e+01 1.009417378672433085e-01 1.045415323343944713e+01
1.884955592153875870e+01 3.809460002021547442e-02 8.296892764561652811e+00
2.513274122871834493e+01 3.281039622942383965e-02 1.210926781891947535e+01
3.141592653589793116e+01 2.275659353060812892e-02 1.264392814187862157e+01
3.769911184307751739e+01 1.468084268642091440e-02 1.139439758773943012e+01
4.398229715025710362e+01 1.158451938706283289e-02 1.192763075224041280e+01
5.026548245743668986e+01 9.021970894544654312e-03 1.186577629959753111e+01
5.654866776461627609e+01 8.583036556358213456e-03 1.400926406592382278e+01
6.283185307179586232e+01 6.247604069324416351e-03 1.237019629114508312e+01
6.911503837897544145e+01 5.465224879112741234e-03 1.288717476620978353e+01
7.539822368615503478e+01 4.786158212999538572e-03 1.323779832610290796e+01
8.168140899333462812e+01 4.272799550079329177e-03 1.368584941370843566e+01
8.796459430051420725e+01 3.735427406305054637e-03 1.370581266789411146e+01
9.424777960769378637e+01 3.013631719697177410e-03 1.254836796275004396e+01
1.005309649148733797e+02 3.014745459891872946e-03 1.412972501705309902e+01
1.068141502220529730e+02 2.657594863154559214e-03 1.392007441120072464e+01
1.130973355292325522e+02 2.346259727965034885e-03 1.364704963069651100e+01
1.193805208364121313e+02 1.995737769718489932e-03 1.281783972712262809e+01
1.256637061435917246e+02 1.857274946480307228e-03 1.310471612798251861e+01
1.319468914507713180e+02 1.733070277027529789e-03 1.337256260109893269e+01
1.382300767579508829e+02 1.510337420405365085e-03 1.269147181171224581e+01
1.445132620651304762e+02 1.378400285755573829e-03 1.256626302838630416e+01
1.507964473723100696e+02 1.244827987752298356e-03 1.226948627739026065e+01
1.570796326794896629e+02 1.172472428418761328e-03 1.245438862603920072e+01
1.633628179866692562e+02 1.065407812230768306e-03 1.216083624054910217e+01
1.696460032938488212e+02 9.388835159497124815e-04 1.148440167382194232e+01
1.759291886010284145e+02 8.864693797028703548e-04 1.159088387950426657e+01
1.822123739082080078e+02 7.945706074946060288e-04 1.107962982141408581e+01
1.884955592153875727e+02 7.300221520318199517e-04 1.083231874995242450e+01
1.947787445225671661e+02 6.839567186140195227e-04 1.077758567906078113e+01
2.010619298297467594e+02 6.077693354515280744e-04 1.015103136952931351e+01
2.073451151369263528e+02 5.817764789446102031e-04 1.028082911832174950e+01
2.136283004441059461e+02 5.347085605863414028e-04 9.980636616152750662e+00
2.199114857512855110e+02 4.772006325983432816e-04 9.393386323625023238e+00
2.261946710584651044e+02 4.555311619337211655e-04 9.442110998721183535e+00
2.324778563656446977e+02 4.133757018556083050e-04 9.009718002052240493e+00
2.387610416728242626e+02 3.831297556530030178e-04 8.768909105970244866e+00
2.450442269800038559e+02 3.484246815753392007e-04 8.363546002402626911e+00
2.513274122871834493e+02 3.303751357948540336e-04 8.307055220370576976e+00
2.576105975943630142e+02 3.100240598673916414e-04 8.156344519229687506e+00
2.638937829015426360e+02 2.802731618965002120e-04 7.706697349332659819e+00
2.701769682087222009e+02 2.644281642912367936e-04 7.591535675431415164e+00
2.764601535159017658e+02 2.402759836109515307e-04 7.195097708904383715e+00
2.827433388230813875e+02 2.300713811749046148e-04 7.179297775388935321e+00
2.890265241302609525e+02 2.057459198311459194e-04 6.684214038022298965e+00
2.953097094374405742e+02 1.953482830469894659e-04 6.601643936283370095e+00
3.015928947446201391e+02 1.829406744809654979e-04 6.425628846301387753e+00
3.078760800517997041e+02 1.721653998229104050e-04 6.280127306097740281e+00
3.141592653589793258e+02 1.604915717498859261e-04 6.075196508615146485e+00
3.204424506661588907e+02 1.463051159582647216e-04 5.742944168372106084e+00
3.267256359733385125e+02 1.396450379446988242e-04 5.680170827413654422e+00
3.330088212805180774e+02 1.299639962061658748e-04 5.474257764960865913e+00
3.392920065876976423e+02 1.203334099329298471e-04 5.245310584171063439e+00
3.455751918948772641e+02 1.126750261389388743e-04 5.079516283505570939e+00
3.518583772020568290e+02 1.060426975338588107e-04 4.941080259953443132e+00
3.581415625092363939e+02 1.013341783381841479e-04 4.877413894357415458e+00
3.644247478164160157e+02 9.299728115739282252e-05 4.621163474273820349e+00
3.707079331235955806e+02 8.791312198041972598e-05 4.507601171016814234e+00
3.769911184307751455e+02 8.366844338568167117e-05 4.424206677430470691e+00
3.832743037379547673e+02 7.810457662025760092e-05 4.257071443891322637e+00
3.895574890451343322e+02 7.373858633360234817e-05 4.140721265435112208e+00
3.958406743523139539e+02 6.794885177196514209e-05 3.929188716696188521e+00
4.021238596594935188e+02 6.559622267517848076e-05 3.904258301801300401e+00
4.084070449666730838e+02 6.290958796163836442e-05 3.852308744669495244e+00
4.146902302738527055e+02 5.803532397508181752e-05 3.654708306747363800e+00
4.209734155810322704e+02 5.610329236601570990e-05 3.631799895103716036e+00
4.272566008882118922e+02 5.215436435171481692e-05 3.469126117781503371e+00
4.335397861953914571e+02 5.059909598514701688e-05 3.456971899898869438e+00
4.398229715025710220e+02 4.724340704796505821e-05 3.313986300062705226e+00
4.461061568097506438e+02 4.462124885736009180e-05 3.212514666664985974e+00
4.523893421169302087e+02 4.336591492902065021e-05 3.203227977146460681e+00
4.586725274241097736e+02 4.083988186397270812e-05 3.093899099224342919e+00
4.649557127312893954e+02 3.974648211422046216e-05 3.087118314793664720e+00
4.712388980384689603e+02 3.707176000078713445e-05 2.951109198198742067e+00
4.775220833456485252e+02 3.596489779711946100e-05 2.933369970148429928e+00
4.838052686528281470e+02 3.451131596575255365e-05 2.883086071692217534e+00
4.900884539600077119e+02 3.260219946649260952e-05 2.788796108681094399e+00
4.963716392671873336e+02 3.155986723832914425e-05 2.763426557305875164e+00
5.026548245743668986e+02 3.022040642803674215e-05 2.707873479873106781e+00
5.089380098815464635e+02 2.944598421379642360e-05 2.699261963219650173e+00
5.152211951887260284e+02 2.815272576274666113e-05 2.639422641765322375e+00
5.215043804959057070e+02 2.705479773352149179e-05 2.593485869480318673e+00
5.277875658030852719e+02 2.590319413954807822e-05 2.538215179051047876e+00
5.340707511102648368e+02 2.541945612100913511e-05 2.545446908582270407e+00
5.403539364174444017e+02 2.426056879896157294e-05 2.482054032077847250e+00
5.466371217246239667e+02 2.321633857960180022e-05 2.426100480669894921e+00
5.529203070318035316e+02 2.251015120286527113e-05 2.402110987878391946e+00
5.592034923389832102e+02 2.188857727625199580e-05 2.384673752276651904e+00
5.654866776461627751e+02 2.137111291016038724e-05 2.376483653972471188e+00
5.717698629533423400e+02 2.034482008253920700e-05 2.308657447049004219e+00
5.780530482605219049e+02 1.978017521081798185e-05 2.290011041514930401e+00
5.843362335677014698e+02 1.909610826016687471e-05 2.255070026109986969e+00
5.906194188748811484e+02 1.851954398926686080e-05 2.230288845586578361e+00
5.969026041820607134e+02 1.777989720449417452e-05 2.183160243969180403e+00
6.031857894892402783e+02 1.742775320069232480e-05 2.181398886117821956e+00
6.094689747964198432e+02 1.704218269521710268e-05 2.174051469299213668e+00
6.157521601035994081e+02 1.656127887146219735e-05 2.152805367865419317e+00
6.220353454107790867e+02 1.574220005405761540e-05 2.084777490363456831e+00
6.283185307179586516e+02 1.546392213909301801e-05 2.086008528490761016e+00
6.346017160251382165e+02 1.496665849797983152e-05 2.056097917323985946e+00
6.408849013323177815e+02 1.458739221146304422e-05 2.040520991601169953e+00
6.471680866394973464e+02 1.418082668872792155e-05 2.019448985150163800e+00
6.534512719466770250e+02 1.350519763097513140e-05 1.957605416258785480e+00
6.597344572538565899e+02 1.350935283727433503e-05 1.992865635485086662e+00
6.660176425610361548e+02 1.288171336319291613e-05 1.933588893767914429e+00
6.723008278682157197e+02 1.257951621755542943e-05 1.921014415056155444e+00
6.785840131753952846e+02 1.219692385705316201e-05 1.894626567788191496e+00
6.848671984825748495e+02 1.199954171522985496e-05 1.895729338842533807e+00
6.911503837897545282e+02 1.154138397935157517e-05 1.854133091146586310e+00
6.974335690969340931e+02 1.113080685606007719e-05 1.818089254299982693e+00
7.037167544041136580e+02 1.094175937906968893e-05 1.816839765652688010e+00
7.099999397112932229e+02 1.063924632984391709e-05 1.795633789756941434e+00
7.162831250184727878e+02 1.040694496438833443e-05 1.785028867717438850e+00
7.225663103256524664e+02 1.000356021065086743e-05 1.743533875401834576e+00
7.288494956328320313e+02 9.868633443315463156e-06 1.747537176635461709e+00
7.351326809400115962e+02 9.610526155390181326e-06 1.728824878203417459e+00
7.414158662471911612e+02 9.261957933744190634e-06 1.692321646536719237e+00
7.476990515543707261e+02 9.049899664347027710e-06 1.679356703209857526e+00
7.539822368615502910e+02 8.925746471412226854e-06 1.681924860723903459e+00
7.602654221687299696e+02 8.682238683706806109e-06 1.661121215959205699e+00
7.665486074759095345e+02 8.478556255248272816e-06 1.646814520350595057e+00
7.728317927830890994e+02 8.279625912439451995e-06 1.632424777526131576e+00
7.791149780902686643e+02 8.066439358985820368e-06 1.614177866693333740e+00
7.853981633974482293e+02 7.988387995182835667e-06 1.622272972766201971e+00
7.916813487046279079e+02 7.705395438813313121e-06 1.587830072222791600e+00
7.979645340118074728e+02 7.571453636722753951e-06 1.583005830299912375e+00
8.042477193189870377e+02 7.395184258898726743e-06 1.568545191534806982e+00
8.105309046261666026e+02 7.152371320194294593e-06 1.538842884053073901e+00
8.168140899333461675e+02 6.732833346529392825e-06 1.469232193718896573e+00
8.230972752405258461e+02 6.339671341432824265e-06 1.403009283330088897e+00
8.293804605477054110e+02 6.118947784313860109e-06 1.373173392678581184e+00
8.356636458548849760e+02 5.727988152645089547e-06 1.303346464304665719e+00
8.419468311620645409e+02 5.475221793866048275e-06 1.263058906226533384e+00
8.482300164692441058e+02 5.148504183332584474e-06 1.203989605533936302e+00
8.545132017764237844e+02 4.949036980996846250e-06 1.173109242264809948e+00
8.607963870836033493e+02 4.731139065185463841e-06 1.136623189073437734e+00
8.670795723907829142e+02 4.449072341052171972e-06 1.083205569641403354e+00
8.733627576979624791e+02 4.214294939349635714e-06 1.039717017751629502e+00
8.796459430051420441e+02 4.052219231291365696e-06 1.012956410897169146e+00
8.859291283123216090e+02 3.860074164938987253e-06 9.775983221640541787e-01
8.922123136195012876e+02 3.683654573201492885e-06 9.450844591927338723e-01
8.984954989266808525e+02 3.477870891810529801e-06 9.038422040367485311e-01
9.047786842338604174e+02 3.330058654364908825e-06 8.765557518976685447e-01
9.110618695410399823e+02 3.175322681258019701e-06 8.464973995889788494e-01
9.173450548482195472e+02 3.039165300306586083e-06 8.204730422197102913e-01
9.236282401553992258e+02 2.888847019494577638e-06 7.897132349728909206e-01
9.299114254625787908e+02 2.748972360371702161e-06 7.608749334672652020e-01
9.361946107697583557e+02 2.637003856033991777e-06 7.389505027264198223e-01
9.424777960769379206e+02 2.490685368068342857e-06 7.065603616828592948e-01
9.487609813841174855e+02 2.367785897590008841e-06 6.799285199974037797e-01
9.550441666912970504e+02 2.265311594825979585e-06 6.584219254514116493e-01
9.613273519984767290e+02 2.151147355199448707e-06 6.328015623298388626e-01
9.676105373056562939e+02 2.065289943750654565e-06 6.148447143995918740e-01
9.738937226128358589e+02 1.932068207508496400e-06 5.820500436653580634e-01
9.801769079200154238e+02 1.862173091380600326e-06 5.676468546079018740e-01
9.864600932271949887e+02 1.770409330375398637e-06 5.460337384425788532e-01
9.927432785343746673e+02 1.667388928615918293e-06 5.202810382296634284e-01
9.990264638415542322e+02 1.597746171702878796e-06 5.043502868885536561e-01
1.005309649148733797e+03 1.508811098541517992e-06 4.817827691773342025e-01
1.011592834455913362e+03 1.454508262317063399e-06 4.697787745110839630e-01
1.017876019763092927e+03 1.358405583429209611e-06 4.437483419029139564e-01
1.024159205070272492e+03 1.294698576949562251e-06 4.277359017727098145e-01
1.030442390377452057e+03 1.219702017268476153e-06 4.075027609045395183e-01
1.036725575684631622e+03 1.160939185003295937e-06 3.922170418274027459e-01
1.043008760991811414e+03 1.088673095706667277e-06 3.718993423993000036e-01
1.049291946298990979e+03 1.025762343524956581e-06 3.542882160316326301e-01
1.055575131606170544e+03 9.711049268350209437e-07 3.391014128990272880e-01
1.061858316913350109e+03 9.162984131797822994e-07 3.234637756586621893e-01
1.068141502220529674e+03 8.562181471861276832e-07 3.055417366816706171e-01
1.074424687527709239e+03 8.000181694934088828e-07 2.885730778516715778e-01
1.080707872834888803e+03 7.447467506209300070e-07 2.715233573643058285e-01
1.086991058142068368e+03 7.106786537889932894e-07 2.618710876858614256e-01
1.093274243449247933e+03 6.508190093362451922e-07 2.423614878616384138e-01
1.099557428756427498e+03 6.017816435179243410e-07 2.264670992235655045e-01
1.105840614063607063e+03 5.609021553140522704e-07 2.132996249446787451e-01
1.112123799370786855e+03 5.124192971453518822e-07 1.968972074832174013e-01
1.118406984677966420e+03 4.721290403170355828e-07 1.832991610743694988e-01
1.124690169985145985e+03 4.254097859076719399e-07 1.668659753974292004e-01
1.130973355292325550e+03 3.909271409628589014e-07 1.549144185619872882e-01
1.137256540599505115e+03 3.474612810017649558e-07 1.390956544999763511e-01
1.143539725906684680e+03 3.104485453285685205e-07 1.255404263325765601e-01
1.149822911213864245e+03 2.803903465251723081e-07 1.145301458700800912e-01
1.156106096521043810e+03 2.577082328143898741e-07 1.063222259487785343e-01
1.162389281828223375e+03 2.333347127895642553e-07 9.722783460713251003e-02
1.168672467135402940e+03 2.089292617540569181e-07 8.792305289906732213e-02
1.174955652442582732e+03 1.945391889998375449e-07 8.267606633042830222e-02
1.181238837749762297e+03 1.736183869585621036e-07 7.451005191011418616e-02
1.187522023056941862e+03 1.604657048884271436e-07 6.953849617988192011e-02
1.193805208364121427e+03 1.429030356778171657e-07 6.252967167145009886e-02
1.200088393671300992e+03 1.333808033542916159e-07 5.892744268542496333e-02
1.206371578978480557e+03 1.205892721603822767e-07 5.378865505135423108e-02
1.212654764285660121e+03 1.089038336528509452e-07 4.904122689284955844e-02
1.218937949592839686e+03 9.901397998630589525e-08 4.501211793140906525e-02
1.225221134900019251e+03 8.891259435920248595e-08 4.080278705048223653e-02
1.231504320207198816e+03 8.201909473177779446e-08 3.799392790992005275e-02
1.237787505514378381e+03 7.160617990945059363e-08 3.348125114902671118e-02
1.244070690821558173e+03 6.479668891111047449e-08 3.057985498673898572e-02
1.250353876128737738e+03 5.971176941329857762e-08 2.844157697770710591e-02
1.256637061435917303e+03 5.220431098812755477e-08 2.509522644513622475e-02
1.262920246743096868e+03 4.539094443959132722e-08 2.202039388412498078e-02
1.269203432050276433e+03 4.250929835439441221e-08 2.081091646676028195e-02
1.275486617357455998e+03 3.586527215965078613e-08 1.771794267709829104e-02
1.281769802664635563e+03 3.152528152348195835e-08 1.571486685619241652e-02
1.288052987971815128e+03 2.745280356722040527e-08 1.380803480820070803e-02
1.294336173278994693e+03 2.574988417770888053e-08 1.306757323189598752e-02
1.300619358586174258e+03 2.084534692613288427e-08 1.067295109467598056e-02
1.306902543893354050e+03 1.644462186638493129e-08 8.494472819403482006e-03
1.313185729200533615e+03 1.519649282304829008e-08 7.919078581126094696e-03
1.319468914507713180e+03 1.355022292062327909e-08 7.123250857498470909e-03
1.325752099814892745e+03 1.070933321617030942e-08 5.679063067867011309e-03
1.332035285122072310e+03 6.709039540071415717e-09 3.588716805585367552e-03
1.338318470429251875e+03 7.005985833687274992e-09 3.780027445556082086e-03
1.344601655736431439e+03 5.994440628445343762e-09 3.262148092417816760e-03
1.350884841043611004e+03 4.188557745806395264e-09 2.298960145280365061e-03
1.357168026350790569e+03 1.674006216161848257e-09 9.266563414255977408e-04
1.363451211657970134e+03 2.370738164606117705e-09 1.323496697126933398e-03
1.369734396965149699e+03 1.426042880517174389e-09 8.028466169964922723e-04
1.376017582272329491e+03 7.113564679875418486e-10 4.038603839934571749e-04
1.382300767579509056e+03 1.909599195122158430e-10 1.093235090365539261e-04
