4.759512870188536304e+00 7.613611169003660362e-02 1.025324974655309251e+00
9.519025740377072609e+00 3.136982728641527635e-02 1.341218791488538953e+00
1.427853861056560802e+01 1.405008429311392117e-02 1.180733440837487214e+00
1.903805148075414522e+01 1.084134459531388255e-02 1.471591634170582363e+00
2.379756435094268241e+01 6.128589834831784690e-03 1.206650247443420865e+00
2.855707722113121605e+01 5.129689655342959363e-03 1.368613074112743577e+00
3.331659009131975324e+01 3.841204663552553154e-03 1.325058411560299465e+00
3.807610296150829043e+01 3.591958486463213591e-03 1.547932895376490148e+00
4.283561583169682763e+01 2.670612972421729236e-03 1.400509242341787752e+00
4.759512870188536482e+01 2.652969118793174763e-03 1.658325213705112544e+00
5.235464157207390201e+01 1.790194446728285600e-03 1.311672832268916844e+00
5.711415444226243210e+01 1.778854770104635512e-03 1.506769238750491180e+00
6.187366731245096929e+01 1.908479468195584550e-03 1.847270898388232441e+00
6.663318018263950648e+01 1.703125953701159923e-03 1.865224032541442201e+00
7.139269305282805078e+01 1.391640183070767074e-03 1.709818065137138854e+00
7.615220592301658087e+01 1.297114281164238846e-03 1.774662290840482770e+00
8.091171879320511096e+01 1.285542859312643806e-03 1.945833182625178681e+00
8.567123166339365525e+01 1.151662052701821551e-03 1.917417741289025424e+00
9.043074453358218534e+01 1.102776702173714112e-03 2.009159552459419018e+00
9.519025740377072964e+01 1.066431305253462978e-03 2.116347863220267911e+00
9.994977027395925973e+01 9.437514476520830970e-04 2.031548982043081431e+00
1.047092831441478040e+02 9.137543455126614705e-04 2.125550524255078066e+00
1.094687960143363341e+02 9.041090545265738484e-04 2.264842753277388709e+00
1.142283088845248642e+02 8.007523113272202496e-04 2.153382171010252755e+00
1.189878217547134085e+02 7.748344564288827145e-04 2.230384725928029166e+00
1.237473346249019386e+02 7.608430344071098446e-04 2.338055546900736914e+00
1.285068474950904829e+02 7.119684870299965163e-04 2.329903252159782667e+00
1.332663603652790130e+02 7.137507614714524908e-04 2.481689706668503081e+00
1.380258732354675431e+02 6.739198118805995704e-04 2.484328736898015144e+00
1.427853861056561016e+02 6.401067706272124203e-04 2.496847520532927245e+00
1.475448989758446317e+02 6.048584926730313878e-04 2.491881859244173825e+00
1.523044118460331617e+02 5.270697755310119323e-04 2.289403025173440298e+00
1.570639247162216918e+02 5.734889704757382186e-04 2.622119491429293792e+00
1.618234375864102219e+02 5.477609150559207933e-04 2.632247638027668923e+00
1.665829504565987804e+02 4.798611862090881256e-04 2.420099413334480420e+00
1.713424633267873105e+02 4.962686832478733307e-04 2.623162613774035368e+00
1.761019761969758406e+02 4.728886508128210910e-04 2.616370681458815906e+00
1.808614890671643707e+02 4.467604892562590806e-04 2.584153226622014632e+00
1.856210019373529292e+02 4.398258717164375028e-04 2.656598724049246574e+00
1.903805148075414593e+02 3.948818783823673600e-04 2.487929284105976357e+00
1.951400276777299894e+02 4.070312309353224869e-04 2.672216679136012463e+00
1.998995405479185195e+02 3.747128531989077642e-04 2.560854576443942765e+00
2.046590534181070495e+02 3.832919041492805780e-04 2.724255991679144451e+00
2.094185662882956080e+02 3.494807794873795856e-04 2.580963913645143215e+00
2.141780791584841381e+02 3.455447783258879359e-04 2.649289185764070353e+00
2.189375920286726682e+02 3.221373522293472067e-04 2.561975545928437015e+00
2.236971048988611983e+02 3.088009889084684847e-04 2.545536262889795953e+00
2.284566177690497284e+02 2.918890764159248947e-04 2.492053799831335237e+00
2.332161306392382869e+02 2.964271631555825634e-04 2.619282293241770976e+00
2.379756435094268170e+02 2.710469503640702566e-04 2.477034421563606870e+00
2.427351563796153471e+02 2.658401225567487555e-04 2.510970812678690489e+00
2.474946692498038772e+02 2.539663217400827647e-04 2.477721813369649251e+00
2.522541821199924357e+02 2.431866210300517373e-04 2.449083751609011816e+00
2.570136949901809658e+02 2.303594423581860459e-04 2.393314621920287433e+00
2.617732078603694958e+02 2.274183564905831844e-04 2.436132141168994014e+00
2.665327207305580259e+02 2.185487424086101694e-04 2.412491911923283272e+00
2.712922336007465560e+02 2.064070446229520391e-04 2.346677724716726754e+00
2.760517464709350861e+02 2.009402070777318173e-04 2.351713130351616332e+00
2.808112593411236162e+02 1.893758946378085054e-04 2.280423771318408566e+00
2.855707722113122031e+02 1.869599119720475992e-04 2.315286581426385659e+00
2.903302850815007332e+02 1.747844373512935667e-04 2.224965741518436513e+00
2.950897979516892633e+02 1.751145792927646949e-04 2.290406830330433685e+00
2.998493108218777934e+02 1.649657872533267546e-04 2.215979009206122008e+00
3.046088236920663235e+02 1.518664612836793167e-04 2.094270004612626135e+00
3.093683365622548536e+02 1.497526707506273078e-04 2.119179187726935698e+00
3.141278494324433836e+02 1.472046768130989554e-04 2.136808863968119976e+00
3.188873623026319137e+02 1.393783287016174717e-04 2.074550922486989801e+00
3.236468751728204438e+02 1.341636469491046084e-04 2.046855663054200747e+00
3.284063880430090308e+02 1.255025141731754099e-04 1.961876897902839145e+00
3.331659009131975608e+02 1.240777298791815057e-04 1.986680740538638856e+00
3.379254137833860909e+02 1.183156222081756291e-04 1.939739973695635333e+00
3.426849266535746210e+02 1.115133008211411508e-04 1.871335577943245454e+00
3.474444395237631511e+02 1.120795223390262619e-04 1.924576657812229419e+00
3.522039523939516812e+02 1.043723214173161121e-04 1.833337345155670928e+00
3.569634652641402113e+02 1.013843136525721667e-04 1.821141594359421578e+00
3.617229781343287414e+02 9.756562081060102460e-05 1.791665682608565291e+00
3.664824910045172714e+02 9.036564310028001232e-05 1.695998230618670943e+00
3.712420038747058584e+02 8.869748815057265222e-05 1.700878016967872997e+00
3.760015167448943885e+02 8.481151584662443383e-05 1.661259535783962127e+00
3.807610296150829186e+02 8.330800644291649513e-05 1.666380709633180857e+00
3.855205424852714486e+02 7.785998260142055929e-05 1.589986766481940039e+00
3.902800553554599787e+02 7.434788015535370850e-05 1.549634179159960157e+00
3.950395682256485088e+02 7.325514625097152735e-05 1.558017995546143064e+00
3.997990810958370389e+02 7.010702908724953416e-05 1.521123757876103433e+00
4.045585939660255690e+02 6.774114652597061105e-05 1.499068902200385800e+00
4.093181068362140991e+02 6.390942178709422519e-05 1.442114741527392940e+00
4.140776197064026860e+02 6.201768139490835142e-05 1.426653334618022351e+00
4.188371325765912161e+02 5.977192998289738648e-05 1.401433759719328931e+00
4.235966454467797462e+02 5.683182570256275904e-05 1.357831235006359272e+00
4.283561583169682763e+02 5.451774598246484656e-05 1.327026462784066885e+00
4.331156711871568064e+02 5.289374792394002200e-05 1.311427151403024460e+00
4.378751840573453364e+02 5.037208165942900665e-05 1.271863351912009277e+00
4.426346969275338665e+02 4.902154421604430334e-05 1.260267522664102469e+00
4.473942097977223966e+02 4.566902020605002828e-05 1.195195527926106838e+00
4.521537226679109267e+02 4.431162112176830641e-05 1.180305661191847877e+00
4.569132355380994568e+02 4.308773972598446233e-05 1.167911523796079321e+00
4.616727484082880437e+02 4.125119476122426026e-05 1.137610515752394358e+00
4.664322612784765738e+02 3.916201763540036468e-05 1.098616272340277034e+00
4.711917741486651039e+02 3.880239703675818550e-05 1.107103070819381863e+00
4.759512870188536340e+02 3.644800444630381302e-05 1.057494047014985172e+00
4.807107998890421641e+02 3.504309928710824871e-05 1.033734414163187010e+00
4.854703127592306942e+02 3.335635614892745136e-05 1.000268051488507837e+00
4.902298256294192242e+02 3.288875635807292147e-05 1.002413719437962536e+00
4.949893384996077543e+02 3.155661244432807471e-05 9.774250178376944209e-01
4.997488513697962844e+02 2.933940110792550434e-05 9.233597064078796768e-01
5.045083642399848713e+02 2.897689183349490001e-05 9.264722540709825482e-01
5.092678771101734014e+02 2.716560672776934218e-05 8.822599152917831589e-01
5.140273899803619315e+02 2.622251294338938033e-05 8.649375334806401749e-01
5.187869028505504048e+02 2.567612749673647176e-05 8.600252378216224347e-01
5.235464157207389917e+02 2.422978851596575608e-05 8.240273149933695640e-01
5.283059285909275786e+02 2.351635386987551031e-05 8.119185438684933809e-01
5.330654414611160519e+02 2.267318856073779877e-05 7.945968032427019878e-01
5.378249543313046388e+02 2.158451597903971253e-05 7.677336258903346700e-01
5.425844672014931120e+02 2.064059474609863487e-05 7.450197775762540386e-01
5.473439800716816990e+02 2.035281302703100830e-05 7.454039435873567321e-01
5.521034929418701722e+02 1.915448426871908550e-05 7.117125451921590962e-01
5.568630058120587591e+02 1.832406826963119245e-05 6.906677537997062410e-01
5.616225186822472324e+02 1.754192034480008257e-05 6.706325922677707219e-01
5.663820315524358193e+02 1.735943595223584632e-05 6.730562912107527218e-01
5.711415444226244063e+02 1.614609479066164225e-05 6.348051144903986698e-01
5.759010572928128795e+02 1.590694006033076992e-05 6.341126800777062700e-01
5.806605701630014664e+02 1.524543115154416509e-05 6.161365011757157228e-01
5.854200830331899397e+02 1.448117444682355764e-05 5.932664834123480002e-01
5.901795959033785266e+02 1.397487450452585888e-05 5.803031140047036907e-01
5.949391087735669998e+02 1.352030730850176178e-05 5.689936598704252724e-01
5.996986216437555868e+02 1.315135984721593720e-05 5.608659550497175905e-01
6.044581345139440600e+02 1.263263441391658131e-05 5.458889526236940792e-01
6.092176473841326469e+02 1.189514631447475765e-05 5.207835371762276067e-01
6.139771602543212339e+02 1.157861529603647238e-05 5.135432015790613036e-01
6.187366731245097071e+02 1.115877701650696050e-05 5.013330802772195671e-01
6.234961859946982941e+02 1.069124281290308630e-05 4.865018862046376347e-01
6.282556988648867673e+02 1.042536661548538533e-05 4.804542772937003270e-01
6.330152117350753542e+02 9.762785864505961060e-06 4.556142944305058839e-01
6.377747246052638275e+02 9.616238747125457003e-06 4.544129962426045055e-01
6.425342374754524144e+02 9.099903802474567922e-06 4.353754383026487429e-01
6.472937503456408876e+02 8.786361088061761136e-06 4.255769232012963643e-01
6.520532632158294746e+02 8.501538325469444132e-06 4.168399208894119634e-01
6.568127760860180615e+02 8.209009935244552627e-06 4.074053875572971051e-01
6.615722889562065347e+02 7.878584153666324239e-06 3.957403691272142754e-01
6.663318018263951217e+02 7.577048769277116812e-06 3.851686971766213330e-01
6.710913146965835949e+02 7.366556257105276822e-06 3.789371695113559202e-01
6.758508275667721819e+02 7.031607309167889431e-06 3.659929266500790423e-01
6.806103404369606551e+02 6.829624703343119647e-06 3.596618807409740493e-01
6.853698533071492420e+02 6.506981748439691400e-06 3.466739838807899599e-01
6.901293661773377153e+02 6.381563605397265259e-06 3.439362474262611102e-01
6.948888790475263022e+02 6.068753296516788580e-06 3.308453883176123433e-01
6.996483919177148891e+02 5.910688407709501043e-06 3.259150876628829074e-01
7.044079047879033624e+02 5.736609169288014037e-06 3.199108459903569068e-01
7.091674176580919493e+02 5.483240897606224751e-06 3.092326078033623138e-01
7.139269305282804225e+02 5.259071420844922410e-06 2.999153378716485352e-01
7.186864433984690095e+02 5.135127801742862846e-06 2.961081389296482125e-01
7.234459562686574827e+02 4.922860860094158532e-06 2.870082518933368965e-01
7.282054691388460697e+02 4.735939403716061901e-06 2.791446856700689483e-01
7.329649820090345429e+02 4.644619765965915699e-06 2.767507947177409444e-01
7.377244948792231298e+02 4.473340738409964989e-06 2.694360189016755669e-01
7.424840077494117168e+02 4.248192573941454564e-06 2.586322642265700411e-01
7.472435206196001900e+02 4.199359899534761852e-06 2.583965395759340034e-01
7.520030334897887769e+02 4.025477903094820079e-06 2.503322298234746390e-01
7.567625463599772502e+02 3.846924976382038472e-06 2.417573944717760492e-01
7.615220592301658371e+02 3.790514326198489090e-06 2.407145208206161735e-01
7.662815721003543104e+02 3.652484860396092406e-06 2.343702016713825331e-01
7.710410849705428973e+02 3.526629999538928860e-06 2.286418704756700282e-01
7.758005978407313705e+02 3.396508411260634709e-06 2.224758515023825822e-01
7.805601107109199575e+02 3.295124837354029072e-06 2.180465043804597491e-01
7.853196235811085444e+02 3.219270535421504118e-06 2.151963450770440212e-01
7.900791364512970176e+02 3.117976592747481003e-06 2.105347746608132453e-01
7.948386493214856046e+02 2.988088948133192080e-06 2.037941980774446438e-01
7.995981621916740778e+02 2.898482649703707269e-06 1.996596706855258974e-01
8.043576750618626647e+02 2.827733271077473588e-06 1.967223899843995871e-01
8.091171879320511380e+02 2.761557871296224064e-06 1.940170336245362059e-01
8.138767008022397249e+02 2.661799429843253505e-06 1.888453755328823591e-01
8.186362136724281982e+02 2.562515552467533504e-06 1.835769276863236099e-01
8.233957265426167851e+02 2.520372947944220507e-06 1.823108393886068157e-01
8.281552394128053720e+02 2.441073754879688707e-06 1.782791238681153689e-01
8.329147522829938453e+02 2.385326738888455464e-06 1.758795990509574581e-01
8.376742651531824322e+02 2.275151213137354221e-06 1.693566373533087477e-01
8.424337780233709054e+02 2.255346808601120857e-06 1.694752513643150993e-01
8.471932908935594924e+02 2.168708467703831433e-06 1.645023178501450467e-01
8.519528037637479656e+02 2.111391835302241626e-06 1.616570807816162247e-01
8.567123166339365525e+02 2.072782730128787667e-06 1.601814175232213477e-01
8.614718295041250258e+02 1.995166112476397875e-06 1.556135918401011231e-01
8.662313423743136127e+02 1.963833392650724749e-06 1.545827857926530824e-01
8.709908552445021996e+02 1.910230305579354093e-06 1.517429034444637004e-01
8.757503681146906729e+02 1.851596878794128422e-06 1.484272545019058587e-01
8.805098809848792598e+02 1.797012370408423501e-06 1.453588427129865468e-01
8.852693938550677331e+02 1.731905482877746015e-06 1.413567668667093935e-01
8.900289067252563200e+02 1.725142479103128214e-06 1.420687270911804856e-01
8.947884195954447932e+02 1.658970049955434322e-06 1.378391131642506817e-01
8.995479324656333802e+02 1.652809050254241475e-06 1.385468103254362260e-01
9.043074453358218534e+02 1.594156807713179970e-06 1.348107574795792685e-01
9.090669582060104403e+02 1.540881589202692190e-06 1.314505439094134920e-01
9.138264710761989136e+02 1.501285530247424627e-06 1.291921688621901487e-01
9.185859839463875005e+02 1.484556335018027872e-06 1.288634359024609377e-01
9.233454968165760874e+02 1.438558371455872238e-06 1.259508823916881404e-01
9.281050096867645607e+02 1.419277761212527996e-06 1.253321796802165100e-01
9.328645225569531476e+02 1.378291029173133286e-06 1.227548210794847661e-01
9.376240354271416209e+02 1.349765150840240145e-06 1.212381862291435075e-01
9.423835482973302078e+02 1.318449958419088725e-06 1.194290040200339104e-01
9.471430611675186810e+02 1.300821107371300826e-06 1.188256536038843764e-01
9.519025740377072680e+02 1.257959920252607192e-06 1.158744376915748359e-01
9.566620869078957412e+02 1.221375799378644112e-06 1.134436650170841526e-01
9.614215997780843281e+02 1.213042462974043578e-06 1.136054401699926886e-01
9.661811126482729151e+02 1.191314743895108782e-06 1.124926348490390277e-01
9.709406255184613883e+02 1.163733719508754454e-06 1.107919160639380673e-01
9.757001383886499752e+02 1.135400965628621871e-06 1.089790966329235722e-01
9.804596512588384485e+02 1.114096922382324952e-06 1.078050696151951343e-01
9.852191641290270354e+02 1.081412515207808427e-06 1.054903685654306061e-01
9.899786769992155087e+02 1.057649681129275815e-06 1.040043674425045472e-01
9.947381898694040956e+02 1.043252426574913489e-06 1.034119489084021487e-01
9.994977027395925688e+02 1.027000340939336921e-06 1.026140719137216412e-01
1.004257215609781156e+03 1.004206289593911235e-06 1.011341600480942376e-01
1.009016728479969743e+03 9.922224261063251203e-07 1.007178197834987243e-01
1.013776241350158216e+03 9.678355641318789188e-07 9.901593472343453439e-02
1.018535754220346803e+03 9.375025690306832645e-07 9.666433434574939199e-02
1.023295267090535276e+03 9.379137241168468930e-07 9.746106807715539111e-02
1.028054779960723863e+03 9.141387059988385818e-07 9.572804562366400705e-02
1.032814292830912336e+03 8.986629734586463310e-07 9.483469402050893893e-02
1.037573805701100810e+03 8.706843727794251489e-07 9.258893349594086997e-02
1.042333318571289510e+03 8.724591371439153560e-07 9.348805603328226577e-02
1.047092831441477983e+03 8.548136713727612981e-07 9.229540998283332354e-02
1.051852344311666457e+03 8.304272357017960533e-07 9.034266198464901976e-02
1.056611857181855157e+03 8.196608388975666066e-07 8.984487721725718801e-02
1.061371370052043630e+03 8.039853734540309801e-07 8.878925844988594385e-02
1.066130882922232104e+03 7.863212532251339543e-07 8.748848323425480189e-02
1.070890395792420577e+03 7.792776746773112685e-07 8.735087784295379743e-02
1.075649908662609278e+03 7.564732228359638528e-07 8.542371755163725988e-02
1.080409421532797751e+03 7.528740207628158647e-07 8.564517790814592246e-02
1.085168934402986224e+03 7.389956718695012436e-07 8.468454316739028320e-02
1.089928447273174925e+03 7.227398499122778902e-07 8.342802852981343054e-02
1.094687960143363398e+03 7.114889295977279168e-07 8.272790943006057274e-02
1.099447473013551871e+03 6.955910965673244062e-07 8.146633089280068407e-02
1.104206985883740344e+03 6.896149638971194839e-07 8.134998815001044659e-02
1.108966498753929045e+03 6.754451781159357368e-07 8.025168317610366364e-02
1.113726011624117518e+03 6.546450100319034495e-07 7.833751666490443299e-02
1.118485524494305992e+03 6.603155739432627799e-07 7.957967359376739991e-02
1.123245037364494465e+03 6.474114924880735240e-07 7.857865399311020349e-02
1.128004550234683165e+03 6.286748285099111553e-07 7.684415238722176744e-02
1.132764063104871639e+03 6.191515776223282736e-07 7.621306392190536905e-02
1.137523575975060112e+03 6.119831818805169037e-07 7.585895075417106725e-02
1.142283088845248813e+03 6.000366100523382747e-07 7.489750101884504185e-02
1.147042601715437286e+03 5.841160621480129467e-07 7.341729776105816729e-02
1.151802114585625759e+03 5.894640078714890275e-07 7.460256249450716859e-02
1.156561627455814232e+03 5.684398062278315449e-07 7.243788829216948888e-02
1.161321140326002933e+03 5.609139825673898936e-07 7.196977629592453407e-02
1.166080653196191406e+03 5.563429899292964238e-07 7.187153769160750660e-02
1.170840166066379879e+03 5.410847446144826211e-07 7.037655069144130304e-02
1.175599678936568580e+03 5.363161585222253658e-07 7.022956523766565873e-02
1.180359191806757053e+03 5.281188880604776063e-07 6.962341864081612874e-02
1.185118704676945526e+03 5.188377806363546241e-07 6.886015786162791308e-02
1.189878217547134000e+03 5.110532387498231648e-07 6.828159677571463138e-02
1.194637730417322700e+03 4.985819564372071299e-07 6.706000824054943188e-02
1.199397243287511174e+03 4.944764879736880169e-07 6.695002186793398702e-02
1.204156756157699647e+03 4.888543588281623431e-07 6.662714486113874290e-02
1.208916269027888120e+03 4.794839139329810721e-07 6.578109198990991779e-02
1.213675781898076821e+03 4.712856770200207572e-07 6.508117488255639460e-02
1.218435294768265294e+03 4.647623135294710442e-07 6.460037260965632855e-02
1.223194807638453767e+03 4.534938120720594524e-07 6.344500173422489009e-02
1.227954320508642468e+03 4.521612822737455757e-07 6.366934629950649072e-02
1.232713833378830941e+03 4.376156642176091877e-07 6.201974481458798899e-02
1.237473346249019414e+03 4.341435807266254252e-07 6.192411470129908363e-02
1.242232859119207887e+03 4.288243649783115125e-07 6.155799621815492145e-02
1.246992371989396588e+03 4.208026521274458952e-07 6.079270431643233469e-02
1.251751884859585061e+03 4.137396116118475421e-07 6.015303242350852897e-02
1.256511397729773535e+03 4.075823546519136835e-07 5.963383801345588375e-02
1.261270910599962008e+03 4.016810145995956775e-07 5.914189979773438327e-02
1.266030423470150708e+03 3.954311280218116842e-07 5.858832615648450898e-02
1.270789936340339182e+03 3.838285507156963571e-07 5.722602158536980316e-02
1.275549449210527655e+03 3.828988462205125509e-07 5.744420503252826993e-02
1.280308962080716356e+03 3.799581590897874655e-07 5.735796712678429415e-02
1.285068474950904829e+03 3.679718383372297856e-07 5.589312158572330019e-02
1.289827987821093302e+03 3.641797396006407265e-07 5.565900543683283824e-02
1.294587500691281775e+03 3.595908481929668223e-07 5.529607592192206655e-02
1.299347013561470476e+03 3.524644754172260377e-07 5.453273409219726309e-02
1.304106526431658949e+03 3.468191227136248042e-07 5.398728438870713242e-02
1.308866039301847422e+03 3.421753374366820490e-07 5.358880053919658215e-02
1.313625552172036123e+03 3.370227872912758185e-07 5.310212638653243056e-02
1.318385065042224596e+03 3.317844372120828873e-07 5.259282128190526789e-02
1.323144577912413069e+03 3.248272286244641157e-07 5.180017924652284556e-02
1.327904090782601543e+03 3.227814011658737564e-07 5.178289784327132217e-02
1.332663603652790243e+03 3.135791127913750353e-07 5.060747724286643323e-02
1.337423116522978717e+03 3.146377837040445959e-07 5.108094423788042682e-02
1.342182629393167190e+03 3.052992624800758650e-07 4.985917769260804489e-02
1.346942142263355663e+03 2.990985798209385672e-07 4.913556104765572780e-02
1.351701655133544364e+03 2.982881791372940531e-07 4.929135826591811431e-02
1.356461168003732837e+03 2.948631824903689558e-07 4.901166892519279866e-02
1.361220680873921310e+03 2.857589081624427562e-07 4.777646455652486551e-02
1.365980193744110011e+03 2.830166437225166169e-07 4.759404828104553398e-02
1.370739706614298484e+03 2.800126949418866704e-07 4.736265543553860868e-02
1.375499219484486957e+03 2.758130787937902838e-07 4.692260375631330388e-02
1.380258732354675431e+03 2.700676686613160437e-07 4.621043972448857229e-02
1.385018245224864131e+03 2.667739793403748764e-07 4.590950651549446926e-02
1.389777758095052604e+03 2.604776469222652468e-07 4.508299102863982250e-02
1.394537270965241078e+03 2.584415819459553256e-07 4.498619559806161378e-02
1.399296783835429778e+03 2.546292078964443294e-07 4.457499251749464514e-02
1.404056296705618252e+03 2.522162663982378594e-07 4.440316852560953487e-02
1.408815809575806725e+03 2.443732605489778596e-07 4.326573086557193581e-02
1.413575322445995198e+03 2.435464599112655731e-07 4.336241011866769773e-02
1.418334835316183899e+03 2.387571835307737681e-07 4.274851799042295869e-02
1.423094348186372372e+03 2.374596810521687239e-07 4.275425763010788638e-02
1.427853861056560845e+03 2.305928003883841358e-07 4.174957036626883444e-02
1.432613373926749318e+03 2.292838094117385853e-07 4.174345489037353807e-02
1.437372886796938019e+03 2.248755530983113567e-07 4.116783156783295622e-02
1.442132399667126492e+03 2.224534797833940424e-07 4.094942052301393104e-02
1.446891912537314965e+03 2.179748281957279293e-07 4.034593884823332866e-02
1.451651425407503666e+03 2.162649405444436141e-07 4.024914831296109996e-02
1.456410938277692139e+03 2.125284803433502346e-07 3.977013118621702120e-02
1.461170451147880613e+03 2.098377578967344265e-07 3.948072375973817744e-02
1.465929964018069086e+03 2.079395333516835215e-07 3.933620286801169097e-02
1.470689476888257786e+03 2.046113531024212007e-07 3.891628443836400025e-02
1.475448989758446260e+03 2.013758916117230828e-07 3.850772029338106472e-02
1.480208502628634733e+03 1.979638031558709088e-07 3.805899180861848502e-02
1.484968015498823434e+03 1.954795752737397347e-07 3.778300995151741976e-02
1.489727528369011907e+03 1.926566866195605305e-07 3.743652180291529019e-02
1.494487041239200380e+03 1.909327034091442447e-07 3.729929109685691663e-02
1.499246554109388853e+03 1.875817206488624773e-07 3.683937730960262086e-02
1.504006066979577554e+03 1.863018791975890770e-07 3.678182009190210378e-02
1.508765579849766027e+03 1.833565232614242077e-07 3.639144593568038183e-02
1.513525092719954500e+03 1.804459835713984648e-07 3.600227368388340954e-02
1.518284605590142974e+03 1.781139410343367043e-07 3.572343627547606981e-02
1.523044118460331674e+03 1.771497657721405069e-07 3.571588277426129138e-02
1.527803631330520147e+03 1.738705404099059061e-07 3.523751176314270789e-02
1.532563144200708621e+03 1.720153471161689907e-07 3.504272131715822913e-02
1.537322657070897321e+03 1.694625065080284397e-07 3.470153389933108151e-02
1.542082169941085795e+03 1.678961418874117411e-07 3.455836941555834319e-02
1.546841682811274268e+03 1.659433439608494187e-07 3.433230391072064625e-02
1.551601195681462741e+03 1.642641924427605619e-07 3.415936159914792491e-02
1.556360708551651442e+03 1.628344403367873098e-07 3.403533499082814218e-02
1.561120221421839915e+03 1.606513157454978422e-07 3.375034388187125867e-02
1.565879734292028388e+03 1.579660143127003419e-07 3.335500419508682229e-02
1.570639247162217089e+03 1.574175653546147084e-07 3.340775306793156152e-02
1.575398760032405562e+03 1.558188894043433749e-07 3.323565713907331715e-02
1.580158272902594035e+03 1.531286458993453615e-07 3.282646301099063219e-02
1.584917785772782509e+03 1.523658636619769033e-07 3.282707918850684414e-02
1.589677298642971209e+03 1.521399468665217729e-07 3.294262588141454173e-02
1.594436811513159682e+03 1.489311621228119463e-07 3.240891058718062961e-02
1.599196324383348156e+03 1.486638303197363085e-07 3.251184554580673070e-02
1.603955837253536629e+03 1.460536293674098810e-07 3.209960568175670298e-02
1.608715350123725329e+03 1.451908034411157467e-07 3.206794412306652325e-02
1.613474862993913803e+03 1.409145522592095297e-07 3.127707882452621102e-02
1.618234375864102276e+03 1.359532428036546737e-07 3.032438081880094866e-02
1.622993888734290977e+03 1.338253993946498691e-07 2.999623097458930729e-02
1.627753401604479450e+03 1.298525441246370386e-07 2.924813299874692504e-02
1.632512914474667923e+03 1.264002706533579311e-07 2.860941954399405865e-02
1.637272427344856396e+03 1.226742332202401091e-07 2.790111755616729930e-02
1.642031940215045097e+03 1.192120851598868520e-07 2.724517606136662301e-02
1.646791453085233570e+03 1.173249090443145279e-07 2.694353450666584285e-02
1.651550965955422043e+03 1.133378353744773978e-07 2.615340350885320131e-02
1.656310478825610744e+03 1.101946129443103506e-07 2.555033583649310783e-02
1.661069991695799217e+03 1.084638419903371477e-07 2.526959053375023648e-02
1.665829504565987691e+03 1.052382270681526766e-07 2.463529531797572364e-02
1.670589017436176164e+03 1.025461579306961890e-07 2.411952570400877766e-02
1.675348530306364864e+03 1.002469900486054250e-07 2.369081256110340539e-02
1.680108043176553338e+03 9.725867671500332792e-08 2.309353275116637905e-02
1.684867556046741811e+03 9.543721756336800822e-08 2.276813101158809208e-02
1.689627068916930284e+03 9.235224781023299342e-08 2.213598752633837152e-02
1.694386581787118985e+03 9.131964688497077156e-08 2.199134183644100432e-02
1.699146094657307458e+03 8.890881316728662699e-08 2.151110312747160982e-02
1.703905607527495931e+03 8.597684616550184706e-08 2.089893059779791146e-02
1.708665120397684632e+03 8.445681593946138470e-08 2.062511099867934614e-02
1.713424633267873105e+03 8.302337787186883282e-08 2.036926740224498031e-02
1.718184146138061578e+03 8.004760557472470546e-08 1.973018654043070391e-02
1.722943659008250052e+03 7.872085601580256533e-08 1.949283177357419294e-02
1.727703171878438752e+03 7.731565655561987614e-08 1.923310189676186513e-02
1.732462684748627225e+03 7.482492411690870393e-08 1.869904529933092557e-02
1.737222197618815699e+03 7.327254388935539214e-08 1.839501810845322813e-02
1.741981710489004399e+03 7.216332073950603724e-08 1.819934794425256616e-02
1.746741223359192873e+03 7.045451382233288237e-08 1.784937876239386240e-02
1.751500736229381346e+03 6.832975214025452527e-08 1.738976523708922126e-02
1.756260249099569819e+03 6.733727919797692704e-08 1.721486748455103646e-02
1.761019761969758520e+03 6.546589195149062563e-08 1.681210674121576612e-02
1.765779274839946993e+03 6.416312327954267018e-08 1.655183650909294174e-02
1.770538787710135466e+03 6.307444001700343947e-08 1.634415525944362887e-02
1.775298300580323939e+03 6.150021651806770840e-08 1.600769768009644919e-02
1.780057813450512640e+03 6.018900813497593073e-08 1.573647173848318273e-02
1.784817326320701113e+03 5.881649654347665584e-08 1.544621612515472558e-02
1.789576839190889586e+03 5.798261035130656272e-08 1.529496006219169084e-02
1.794336352061078287e+03 5.589565426404901040e-08 1.480986626741372450e-02
1.799095864931266760e+03 5.561585085962294555e-08 1.480093307093727391e-02
1.803855377801455234e+03 5.385385845481743940e-08 1.439526564867968025e-02
1.808614890671643707e+03 5.298429120973657096e-08 1.422516456417407225e-02
1.813374403541832407e+03 5.174551899573650711e-08 1.395356615860137567e-02
1.818133916412020881e+03 5.079816670913588679e-08 1.375807966122183368e-02
1.822893429282209354e+03 4.952377992310943606e-08 1.347149882254271638e-02
1.827652942152397827e+03 4.873670135366644648e-08 1.331513828921328073e-02
1.832412455022586528e+03 4.750138663693511366e-08 1.303401888533386663e-02
1.837171967892775001e+03 4.652219812289457585e-08 1.282064604180728484e-02
1.841931480762963474e+03 4.586221480509625940e-08 1.269338565155159193e-02
1.846690993633152175e+03 4.463076595394298974e-08 1.240579857384665162e-02
1.851450506503340648e+03 4.374656252478275045e-08 1.221229944272191233e-02
1.856210019373529121e+03 4.290053208697301002e-08 1.202747694112074779e-02
1.860969532243717595e+03 4.215617676327535186e-08 1.186934231195501885e-02
1.865729045113906295e+03 4.093997656597036248e-08 1.157608953926498978e-02
1.870488557984094768e+03 4.055325715452069853e-08 1.151553628485870243e-02
1.875248070854283242e+03 3.972920399741418388e-08 1.132942171078443576e-02
1.880007583724471942e+03 3.891859468136237090e-08 1.114525009851807281e-02
1.884767096594660416e+03 3.785979424630092536e-08 1.088782341224578225e-02
1.889526609464848889e+03 3.733352077199038210e-08 1.078170145913009449e-02
1.894286122335037362e+03 3.662309978503835263e-08 1.062097523727892519e-02
1.899045635205226063e+03 3.548298898326572655e-08 1.033346243659451560e-02
1.903805148075414536e+03 3.507877169864496665e-08 1.025845299164620215e-02
1.908564660945603009e+03 3.453513165251871632e-08 1.014158681866840495e-02
1.913324173815791482e+03 3.343135781754110104e-08 9.858290543992564992e-03
1.918083686685980183e+03 3.321224947593722168e-08 9.834317174236169301e-03
1.922843199556168656e+03 3.217369624453733636e-08 9.566228310922962261e-03
1.927602712426357130e+03 3.151820802164879052e-08 9.410024022842022884e-03
1.932362225296545830e+03 3.116657653670205284e-08 9.343365368249954145e-03
1.937121738166734303e+03 3.048132264662435985e-08 9.175477317131582738e-03
1.941881251036922777e+03 2.979966263927881082e-08 9.007047682073216280e-03
1.946640763907111250e+03 2.922197756137531549e-08 8.868550135340666843e-03
1.951400276777299950e+03 2.859163257978125494e-08 8.712635753512014761e-03
1.956159789647488424e+03 2.828184569822014904e-08 8.653297350717197370e-03
1.960919302517676897e+03 2.743777400337853452e-08 8.429110436318665300e-03
1.965678815387865598e+03 2.703632274895568200e-08 8.339407916042325397e-03
1.970438328258054071e+03 2.625997229933614554e-08 8.132654853027528399e-03
1.975197841128242544e+03 2.595203867951612992e-08 8.069670776378799065e-03
1.979957353998431017e+03 2.533869982521965464e-08 7.910623594399363370e-03
1.984716866868619718e+03 2.481732316126908788e-08 7.778918178710471018e-03
1.989476379738808191e+03 2.430318827631848555e-08 7.648235116179755676e-03
1.994235892608996664e+03 2.386900590361886596e-08 7.541571960692969138e-03
1.998995405479185138e+03 2.331881520639094553e-08 7.397065664947000650e-03
2.003754918349373838e+03 2.292703890695876105e-08 7.301671723743805367e-03
2.008514431219562312e+03 2.251729028915966303e-08 7.199589267213965527e-03
2.013273944089750785e+03 2.195920685141870960e-08 7.048901435351268702e-03
2.018033456959939485e+03 2.156153132618032521e-08 6.948539627002782264e-03
2.022792969830127959e+03 2.111552816550500718e-08 6.831577637905544495e-03
2.027552482700316432e+03 2.063523214940323174e-08 6.702387507009417711e-03
2.032311995570504905e+03 2.026851025591880280e-08 6.609051407346477197e-03
2.037071508440693606e+03 1.966834269752714311e-08 6.438403997140391619e-03
2.041831021310882079e+03 1.936229324155592518e-08 6.362919899302876825e-03
2.046590534181070552e+03 1.917373109997627859e-08 6.325452044560032384e-03
2.051350047051259025e+03 1.853610169014434385e-08 6.138817127961458675e-03
2.056109559921447726e+03 1.813913405672232318e-08 6.030596958910631501e-03
2.060869072791636427e+03 1.771388745321151585e-08 5.911956331540946935e-03
2.065628585661824673e+03 1.744377431486436257e-08 5.844232937922215140e-03
2.070388098532013373e+03 1.707872824579938213e-08 5.743921099235960517e-03
2.075147611402201619e+03 1.661477499406483481e-08 5.609310174048133708e-03
2.079907124272390320e+03 1.633347551639362367e-08 5.535436120987339420e-03
2.084666637142579020e+03 1.592983564102048702e-08 5.419247529624139983e-03
2.089426150012767266e+03 1.559321536916471374e-08 5.324931845783070078e-03
2.094185662882955967e+03 1.524432470618788007e-08 5.225567886110180429e-03
2.098945175753144667e+03 1.494043758116740427e-08 5.140813031581661918e-03
2.103704688623332913e+03 1.444713720952178620e-08 4.989876025134377079e-03
2.108464201493521614e+03 1.418497886825027280e-08 4.917817553139147008e-03
2.113223714363710315e+03 1.391754748358859666e-08 4.843268036210377978e-03
2.117983227233898560e+03 1.360938479924669146e-08 4.753819501597957888e-03
2.122742740104087261e+03 1.325689914618255913e-08 4.648051086768497167e-03
2.127502252974275507e+03 1.287880253326398204e-08 4.532371835238174079e-03
2.132261765844464207e+03 1.258686462272401164e-08 4.446160066868256808e-03
2.137021278714652908e+03 1.239838832884119817e-08 4.395888271654411344e-03
2.141780791584841154e+03 1.198292309271701796e-08 4.264365988193942469e-03
2.146540304455029855e+03 1.170691795632089042e-08 4.181585557588747559e-03
2.151299817325218555e+03 1.147583582850777091e-08 4.114204680388082458e-03
2.156059330195406801e+03 1.106488990104398610e-08 3.981514265995333632e-03
2.160818843065595502e+03 1.083639551200488933e-08 3.913651152329921876e-03
2.165578355935784202e+03 1.060232748784258714e-08 3.843182885275236039e-03
2.170337868805972448e+03 1.025635603535300982e-08 3.731401674029959960e-03
2.175097381676161149e+03 9.957969752802578922e-09 3.636095758836792226e-03
2.179856894546349849e+03 9.722670895683342843e-09 3.563134569401473807e-03
2.184616407416538095e+03 9.391503524875328963e-09 3.454303115480076604e-03
2.189375920286726796e+03 9.104984873356927338e-09 3.361087282735393273e-03
2.194135433156915042e+03 8.851134360506919236e-09 3.279225770157232454e-03
2.198894946027103742e+03 8.627425794815657257e-09 3.207908958675400983e-03
2.203654458897292443e+03 8.404040738680381659e-09 3.136129419791848071e-03
2.208413971767480689e+03 8.148890324115624058e-09 3.051869433474542308e-03
2.213173484637669389e+03 7.889378775680137603e-09 2.965299548381459833e-03
2.217932997507858090e+03 7.610887599702593858e-09 2.870886425952812095e-03
2.222692510378046336e+03 7.345641781759280347e-09 2.780750704011588845e-03
2.227452023248235037e+03 7.067755252923816016e-09 2.685110109614902759e-03
2.232211536118423737e+03 6.808527458586468809e-09 2.595845100910650766e-03
2.236971048988611983e+03 6.569820588673144711e-09 2.513742467775478742e-03
2.241730561858800684e+03 6.360096799423109974e-09 2.442133568835621379e-03
2.246490074728988930e+03 6.084723373132330707e-09 2.344669743489929525e-03
2.251249587599177630e+03 5.830627321617534534e-09 2.254696170108114704e-03
2.256009100469366331e+03 5.664352940149814459e-09 2.198121620668765878e-03
2.260768613339554577e+03 5.396015400094698042e-09 2.101357958054760836e-03
2.265528126209743277e+03 5.103239488030849249e-09 1.994320928308521580e-03
2.270287639079931978e+03 4.896066325557860217e-09 1.920062799426188816e-03
2.275047151950120224e+03 4.685132705876527195e-09 1.843766416976668843e-03
2.279806664820308924e+03 4.424423843371206902e-09 1.747243455031598225e-03
2.284566177690497625e+03 4.247904541809555758e-09 1.683375441263975855e-03
2.289325690560685871e+03 4.141262512159216479e-09 1.646817212375667689e-03
2.294085203430874571e+03 3.908603185117765650e-09 1.559687127707163560e-03
2.298844716301062817e+03 3.757045112460198406e-09 1.504397040279715960e-03
2.303604229171251518e+03 3.672812245664988515e-09 1.475746764480230641e-03
2.308363742041440219e+03 3.514812938278225262e-09 1.417128688278226868e-03
2.313123254911628464e+03 3.352100324482566820e-09 1.356172601235364119e-03
2.317882767781817165e+03 3.258012294126097321e-09 1.322630388351510658e-03
2.322642280652005866e+03 3.167018613550516339e-09 1.290093424734572785e-03
2.327401793522194112e+03 3.011181341292343263e-09 1.230804810796152279e-03
2.332161306392382812e+03 2.947371614170625069e-09 1.208831789681095526e-03
2.336920819262571513e+03 2.812629804505360775e-09 1.157495302772032410e-03
2.341680332132759759e+03 2.731042410079462996e-09 1.127736901347856655e-03
2.346439845002948459e+03 2.612034627383124252e-09 1.082250939193990470e-03
2.351199357873137160e+03 2.524867246401443121e-09 1.049673675921757466e-03
2.355958870743325406e+03 2.442920783036342874e-09 1.019034509776959837e-03
2.360718383613514106e+03 2.361941670799602420e-09 9.885746546043309036e-04
2.365477896483702352e+03 2.272535944978056265e-09 9.543527259812863714e-04
2.370237409353891053e+03 2.173988591648585004e-09 9.160313586879839220e-04
2.374996922224079754e+03 2.119900597986688582e-09 8.962322812083707785e-04
2.379756435094267999e+03 2.049405851231665086e-09 8.693249714028677445e-04
2.384515947964456700e+03 1.961103689177415904e-09 8.346433592919661176e-04
2.389275460834645401e+03 1.884291479481437052e-09 8.046217885632953298e-04
2.394034973704833646e+03 1.854380820320712910e-09 7.944801991721467350e-04
2.398794486575022347e+03 1.769513039752719650e-09 7.606335966547089636e-04
2.403553999445211048e+03 1.682213517584887062e-09 7.255002914162020583e-04
2.408313512315399294e+03 1.648719837436960586e-09 7.134034972891579182e-04
2.413073025185587994e+03 1.585810755647694496e-09 6.884442873377307273e-04
2.417832538055776240e+03 1.532486023746870303e-09 6.674830147494226771e-04
2.422592050925964941e+03 1.463234156371105346e-09 6.394122860357468558e-04
2.427351563796153641e+03 1.421666754304586398e-09 6.232834715528193367e-04
2.432111076666341887e+03 1.373246824396005135e-09 6.040241175199981705e-04
2.436870589536530588e+03 1.313991329990289994e-09 5.798468165695938072e-04
2.441630102406719288e+03 1.283609721440062375e-09 5.682848984710618277e-04
2.446389615276907534e+03 1.226933673731377863e-09 5.449589551032914952e-04
2.451149128147096235e+03 1.170654362227929161e-09 5.216488393224832498e-04
2.455908641017284936e+03 1.150613304405077599e-09 5.143788107453110695e-04
2.460668153887473181e+03 1.106481119332218450e-09 4.962483647750511170e-04
2.465427666757661882e+03 1.022743379311019232e-09 4.601722781973941151e-04
2.470187179627850128e+03 1.040936090394513123e-09 4.698658035384554749e-04
2.474946692498038828e+03 9.734937463002209585e-10 4.408351826944602444e-04
2.479706205368227529e+03 9.377240022876004275e-10 4.259991643807705362e-04
2.484465718238415775e+03 8.938038968710905442e-10 4.073464395658720361e-04
2.489225231108604476e+03 8.773511962102332958e-10 4.011256771224185253e-04
2.493984743978793176e+03 8.264535114089376648e-10 3.790601092314217790e-04
2.498744256848981422e+03 7.889540885438621356e-10 3.630123603009642618e-04
2.503503769719170123e+03 7.748815188726183426e-10 3.576698938286392167e-04
2.508263282589358823e+03 7.226814236782294564e-10 3.346329941809720481e-04
2.513022795459547069e+03 7.016200091962498427e-10 3.259087441503423911e-04
2.517782308329735770e+03 6.840031206459104514e-10 3.187290970513127503e-04
2.522541821199924016e+03 6.431758638778887926e-10 3.006494154087464648e-04
2.527301334070112716e+03 6.008871451457365887e-10 2.817655918133267078e-04
2.532060846940301417e+03 6.060354038257878707e-10 2.850722163314296418e-04
2.536820359810489663e+03 5.622509993276385491e-10 2.653056060418769696e-04
2.541579872680678363e+03 5.264080753144744765e-10 2.491698441251212416e-04
2.546339385550867064e+03 5.227961948035670427e-10 2.482330273599122890e-04
2.551098898421055310e+03 4.957163653443670347e-10 2.361087500697218653e-04
2.555858411291244010e+03 4.575213760929520496e-10 2.185945727723275747e-04
2.560617924161432711e+03 4.547469485755186943e-10 2.179437548557886179e-04
2.565377437031620957e+03 4.323758837898307120e-10 2.078644628088361095e-04
2.570136949901809658e+03 3.929399494662972519e-10 1.894901446105829790e-04
2.574896462771998358e+03 3.806580421702183649e-10 1.841342712360127039e-04
2.579655975642186604e+03 3.737561036952903245e-10 1.813529455564952925e-04
2.584415488512375305e+03 3.364700801180067462e-10 1.637634617212633929e-04
2.589175001382563551e+03 3.152255141341489352e-10 1.538947143234820254e-04
2.593934514252752251e+03 3.227894131169391125e-10 1.580705490980132430e-04
2.598694027122940952e+03 2.876040248424754055e-10 1.412711693020338958e-04
2.603453539993129198e+03 2.680060469179780497e-10 1.320467285541814504e-04
2.608213052863317898e+03 2.680181043572055009e-10 1.324552686633295305e-04
2.612972565733506599e+03 2.521776597400742300e-10 1.250061443200226096e-04
2.617732078603694845e+03 2.178874103702575201e-10 1.083363323974794557e-04
2.622491591473883545e+03 2.248511967264428061e-10 1.121378032155040101e-04
2.627251104344072246e+03 2.085954293495593925e-10 1.043455886875596281e-04
2.632010617214260492e+03 1.812628925410364192e-10 9.094698385327491124e-05
2.636770130084449193e+03 1.757575817406082663e-10 8.845068193467890021e-05
2.641529642954637438e+03 1.755472981535958413e-10 8.861079453839677974e-05
2.646289155824826139e+03 1.445066433702430255e-10 7.316161917002900921e-05
2.651048668695014840e+03 1.352378927780414710e-10 6.867435086302418141e-05
2.655808181565203085e+03 1.467130770033937563e-10 7.472455425345282405e-05
2.660567694435391786e+03 1.143792248083252257e-10 5.843024014043822305e-05
2.665327207305580487e+03 1.025754992787993149e-10 5.255667241926684956e-05
2.670086720175768733e+03 1.252658315219399561e-10 6.437366519573863564e-05
2.674846233045957433e+03 8.953530447367409384e-11 4.614865166227692151e-05
2.679605745916146134e+03 7.128722845085299252e-11 3.685218400141059670e-05
2.684365258786334380e+03 1.004126244249322399e-10 5.206241791105717056e-05
2.689124771656523080e+03 6.613608799513216571e-11 3.439194662037056704e-05
2.693884284526711326e+03 5.037911800807776721e-11 2.627536682644106422e-05
2.698643797396900027e+03 7.056788622594694607e-11 3.691331506986532271e-05
2.703403310267088727e+03 4.935854066426442654e-11 2.589486867965319668e-05
2.708162823137276973e+03 3.478559953817742867e-11 1.830307725452224156e-05
2.712922336007465674e+03 5.312942704437544855e-11 2.803694788988988137e-05
2.717681848877654375e+03 3.281902820482512296e-11 1.736961024364363121e-05
2.722441361747842620e+03 2.266313345865247092e-11 1.202959058476966975e-05
2.727200874618031321e+03 3.158187109102344249e-11 1.681252987352820023e-05
2.731960387488220022e+03 2.012955159548983538e-11 1.074710348009010134e-05
2.736719900358408267e+03 1.336184234090758071e-11 7.154570928068074840e-06
2.741479413228596968e+03 1.630673833917641509e-11 8.756732519506371822e-06
2.746238926098785669e+03 1.249754973715191049e-11 6.730625165114890810e-06
2.750998438968973915e+03 6.606961275090599582e-12 3.568499727301423637e-06
2.755757951839162615e+03 5.139671051302963198e-12 2.784007748313133777e-06
2.760517464709350861e+03 7.341119255999370232e-12 3.987920062868317725e-06
2.765276977579539562e+03 2.455534807179217750e-12 1.337756771062333706e-06
2.770036490449728262e+03 1.485147780960049890e-12 8.114195881765790364e-07
2.774796003319916508e+03 1.432542171505725263e-12 7.849208211277778091e-07
2.779555516190105209e+03 1.215964773343282169e-13 6.681591414837219374e-08
