6.346017160251381739e+00 6.039905820715992489e-04 1.313809013401797191e-02
1.269203432050276348e+01 5.242299156199051700e-04 3.620266406495563360e-02
1.903805148075414522e+01 2.092816789290600165e-04 2.840765416037971738e-02
2.538406864100552696e+01 2.175606622014604930e-04 4.769971246888190380e-02
3.173008580125690870e+01 1.663509666794687092e-04 5.290264745804008906e-02
3.807610296150829043e+01 1.058347921729227214e-04 4.560886683328854024e-02
4.442212012175967573e+01 8.179977477898592992e-05 4.557754321404782621e-02
5.076813728201105391e+01 6.988479329587188782e-05 4.864461085703690457e-02
5.711415444226243210e+01 7.062972289654734161e-05 5.982652186705989666e-02
6.346017160251381739e+01 4.603324080717981779e-05 4.647723548274030475e-02
6.980618876276520268e+01 4.986726010452604088e-05 5.901631011989896120e-02
7.615220592301658087e+01 3.454339857547403513e-05 4.726096053336455161e-02
8.249822308326795905e+01 3.707751010650297446e-05 5.796754209037241479e-02
8.884424024351935145e+01 3.259725367386620087e-05 5.766289933079911390e-02
9.519025740377072964e+01 2.749711691448380899e-05 5.456841368029291539e-02
1.015362745640221078e+02 2.680051184366966273e-05 5.922591737011642654e-02
1.078822917242734860e+02 2.339825372385655278e-05 5.720496425391075057e-02
1.142283088845248642e+02 2.244797140948579965e-05 6.036705823354319989e-02
1.205743260447762566e+02 2.110786347142509800e-05 6.211583794694670174e-02
1.269203432050276348e+02 1.959490092689909876e-05 6.280995298744709854e-02
1.332663603652790130e+02 1.743751189199896562e-05 6.062969892048833409e-02
1.396123775255304054e+02 1.672755934308084607e-05 6.285007267480706428e-02
1.459583946857817693e+02 1.601131650929534173e-05 6.478515561298053838e-02
1.523044118460331617e+02 1.482581388009683106e-05 6.439804504736765245e-02
1.586504290062845541e+02 1.391879268167490703e-05 6.471480558658258830e-02
1.649964461665359181e+02 1.294082862401570771e-05 6.423224025962689931e-02
1.713424633267873105e+02 1.167587001701658095e-05 6.171597512758096593e-02
1.776884804870387029e+02 1.144137982947942556e-05 6.425553234191681840e-02
1.840344976472900669e+02 1.087501339919082135e-05 6.475329423594665401e-02
1.903805148075414593e+02 1.009332704467241694e-05 6.359239383526149592e-02
1.967265319677928233e+02 9.530255986808236561e-06 6.341754991800237218e-02
2.030725491280442156e+02 9.424460434173159349e-06 6.612137298506838567e-02
2.094185662882956080e+02 8.331209610883855040e-06 6.152713575334498031e-02
2.157645834485469720e+02 8.020797940975768483e-06 6.225647223782743850e-02
2.221106006087983644e+02 7.563556986004254142e-06 6.161336015189688292e-02
2.284566177690497284e+02 7.159776311366222085e-06 6.112783658014658145e-02
2.348026349293011208e+02 6.961153417600241694e-06 6.220894205772354441e-02
2.411486520895525132e+02 6.065609218449152116e-06 5.666947097225075169e-02
2.474946692498038772e+02 6.300467162773305676e-06 6.146801204452297107e-02
2.538406864100552980e+02 5.538670886615178498e-06 5.636475394633257141e-02
2.601867035703066335e+02 5.406598607931846107e-06 5.733229053520019769e-02
2.665327207305580259e+02 5.076973498357544521e-06 5.604313878382624625e-02
2.728787378908094183e+02 4.791059334232956760e-06 5.500232470054077644e-02
2.792247550510608107e+02 4.442053872564432010e-06 5.298753124690505634e-02
2.855707722113122031e+02 4.305851273388719823e-06 5.332308712460844674e-02
2.919167893715635387e+02 4.026800491478778081e-06 5.172794624838737698e-02
2.982628065318149311e+02 3.803140243380527892e-06 5.063772361985485748e-02
3.046088236920663235e+02 3.559287602194363655e-06 4.908331438066060315e-02
3.109548408523177159e+02 3.436718296480716547e-06 4.905005198161029034e-02
3.173008580125691083e+02 3.155474263417739739e-06 4.657827347996663925e-02
3.236468751728204438e+02 3.131050891051604025e-06 4.776859748073990913e-02
3.299928923330718362e+02 2.856823472945495792e-06 4.501850291752623745e-02
3.363389094933232286e+02 2.675632995111798816e-06 4.352329121720403121e-02
3.426849266535746210e+02 2.610446280134057560e-06 4.380662183213161059e-02
3.490309438138260134e+02 2.426843320024936032e-06 4.199023366455473943e-02
3.553769609740774058e+02 2.299335286654435490e-06 4.099690637994268805e-02
3.617229781343287414e+02 2.169492339737290082e-06 3.983990407169244602e-02
3.680689952945801338e+02 2.038674842489651607e-06 3.853866708431621935e-02
3.744150124548315262e+02 1.943056867213879631e-06 3.779267222441758806e-02
3.807610296150829186e+02 1.842959171029982416e-06 3.686406316000672562e-02
3.871070467753343110e+02 1.714021167744845453e-06 3.524260288793058110e-02
3.934530639355856465e+02 1.632028331780126414e-06 3.447857010792621663e-02
3.997990810958370389e+02 1.550199417393182213e-06 3.363493210228365310e-02
4.061450982560884313e+02 1.489098007142030203e-06 3.316846011005009781e-02
4.124911154163398237e+02 1.389495448130625609e-06 3.176007064044877176e-02
4.188371325765912161e+02 1.314316736887779253e-06 3.081593394367077715e-02
4.251831497368425516e+02 1.246111557653188944e-06 2.995828850726115627e-02
4.315291668970939440e+02 1.162993895152326919e-06 2.865899960139709282e-02
4.378751840573453364e+02 1.103266253558517186e-06 2.785677837953076663e-02
4.442212012175967288e+02 1.052729706044390955e-06 2.722590647610011877e-02
4.505672183778481212e+02 9.959235719306936739e-07 2.637294705984051177e-02
4.569132355380994568e+02 9.265241792784306151e-07 2.511383221623050832e-02
4.632592526983508492e+02 8.879716277068831957e-07 2.462857361019051006e-02
4.696052698586022416e+02 8.430358578442722187e-07 2.391852075696880922e-02
4.759512870188536340e+02 7.886487896883630420e-07 2.288167522339050811e-02
4.822973041791050264e+02 7.448702248183560554e-07 2.209388071845923979e-02
4.886433213393564188e+02 7.141157109856597296e-07 2.164820374935604377e-02
4.949893384996077543e+02 6.692169445888409317e-07 2.072812426099315472e-02
5.013353556598591467e+02 6.395030551164896289e-07 2.023282441502186058e-02
5.076813728201105391e+02 5.964403151682572091e-07 1.927017711090290436e-02
5.140273899803619315e+02 5.709409424700764768e-07 1.883222449386463826e-02
5.203734071406132671e+02 5.379305125785535771e-07 1.810998135991475147e-02
5.267194243008647163e+02 5.116672726530659814e-07 1.757734176337798215e-02
5.330654414611160519e+02 4.775082187171277790e-07 1.673458953946087291e-02
5.394114586213675011e+02 4.597543545974199501e-07 1.643335098843844155e-02
5.457574757816188367e+02 4.337657325136608186e-07 1.580961869168049858e-02
5.521034929418701722e+02 4.072492348375755311e-07 1.513193387968951586e-02
5.584495101021216215e+02 3.933643102371546543e-07 1.489709124545163070e-02
5.647955272623729570e+02 3.688087364110241662e-07 1.423267769864888614e-02
5.711415444226244063e+02 3.470500843442974139e-07 1.364473399806271671e-02
5.774875615828757418e+02 3.374908206830748938e-07 1.351552818426345580e-02
5.838335787431270774e+02 3.136979674109907030e-07 1.279362118335527869e-02
5.901795959033785266e+02 2.996700143949286159e-07 1.244372122775721026e-02
5.965256130636298622e+02 2.802641281816914146e-07 1.184720784258081958e-02
6.028716302238813114e+02 2.713225201160774542e-07 1.167330737583177798e-02
6.092176473841326469e+02 2.532704158207875394e-07 1.108847756271317923e-02
6.155636645443839825e+02 2.393709093751815119e-07 1.066251521018684624e-02
6.219096817046354317e+02 2.297375924043621118e-07 1.040984497167967045e-02
6.282556988648867673e+02 2.177338167412219127e-07 1.003428919318942111e-02
6.346017160251382165e+02 2.066541101102814869e-07 9.684550115618070776e-03
6.409477331853895521e+02 1.967798594077586273e-07 9.376015986224674539e-03
6.472937503456408876e+02 1.893524705253515372e-07 9.171492156887875793e-03
6.536397675058923369e+02 1.767729602963402515e-07 8.702551717596521477e-03
6.599857846661436724e+02 1.678786549880142024e-07 8.398849196628034933e-03
6.663318018263951217e+02 1.629604889145219598e-07 8.283868972966890870e-03
6.726778189866464572e+02 1.533916671390494955e-07 7.921612846458056176e-03
6.790238361468977928e+02 1.476087897844764778e-07 7.743201944851668163e-03
6.853698533071492420e+02 1.384832961649073077e-07 7.378006860699080037e-03
6.917158704674005776e+02 1.343325076116900054e-07 7.267650299651168093e-03
6.980618876276520268e+02 1.262752048359348665e-07 6.936514426199033925e-03
7.044079047879033624e+02 1.198022083668652324e-07 6.680954671854282510e-03
7.107539219481548116e+02 1.146161922700462073e-07 6.488008613408632885e-03
7.170999391084061472e+02 1.094015714512135591e-07 6.285256940914507248e-03
7.234459562686574827e+02 1.037898505641869179e-07 6.051063481434288023e-03
7.297919734289089320e+02 9.951813244260955633e-08 5.887090176961797851e-03
7.361379905891602675e+02 9.543337667774980530e-08 5.727507626702988720e-03
7.424840077494117168e+02 9.221905910710686857e-08 5.614346253514175024e-03
7.488300249096630523e+02 8.722273686524118584e-08 5.386026165186316370e-03
7.551760420699143879e+02 8.326387846089093337e-08 5.214391587944711658e-03
7.615220592301658371e+02 7.968956889680971404e-08 5.060642103056002712e-03
7.678680763904171727e+02 7.654194913593097226e-08 4.928452078473299740e-03
7.742140935506686219e+02 7.266163494790790243e-08 4.743223841778626375e-03
7.805601107109199575e+02 7.009818057604083739e-08 4.638568792528499456e-03
7.869061278711712930e+02 6.698468452629446458e-08 4.492765265577308535e-03
7.932521450314227422e+02 6.468788232979782217e-08 4.397187916990593151e-03
7.995981621916740778e+02 6.102972213463813221e-08 4.203983841226928940e-03
8.059441793519255270e+02 5.957124186725667142e-08 4.157940391689375972e-03
8.122901965121768626e+02 5.683741638138046391e-08 4.019323983983872674e-03
8.186362136724281982e+02 5.519613668089636529e-08 3.954214905067088281e-03
8.249822308326796474e+02 5.253161460926339358e-08 3.812077665839963981e-03
8.313282479929309829e+02 5.022333978866069541e-08 3.691417377656947604e-03
8.376742651531824322e+02 4.868072668189571782e-08 3.623673067159614673e-03
8.440202823134337677e+02 4.748031817100594096e-08 3.579055440105023429e-03
8.503662994736851033e+02 4.504052322145634345e-08 3.437796468444606363e-03
8.567123166339365525e+02 4.347434925516417364e-08 3.359629925688892987e-03
8.630583337941878881e+02 4.246828201615381570e-08 3.322499647476990017e-03
8.694043509544393373e+02 4.092013658562316322e-08 3.240709409761741936e-03
8.757503681146906729e+02 3.953652513381111119e-08 3.169317223076639246e-03
8.820963852749420084e+02 3.755891224377028940e-08 3.047238242397365057e-03
8.884424024351934577e+02 3.720298236429846789e-08 3.054638956020633463e-03
8.947884195954447932e+02 3.568334886970232268e-08 2.964828185453055338e-03
9.011344367556962425e+02 3.487941901981594743e-08 2.932368551551405543e-03
9.074804539159475780e+02 3.319036527619188947e-08 2.823194708788095714e-03
9.138264710761989136e+02 3.304598269886509135e-08 2.843750966110476699e-03
9.201724882364503628e+02 3.175635086809618405e-08 2.764474992600552371e-03
9.265185053967016984e+02 3.039818651420248616e-08 2.676729623119092870e-03
9.328645225569531476e+02 2.981651959830390980e-08 2.655550570258397372e-03
9.392105397172044832e+02 2.943429882475834624e-08 2.651298486256787289e-03
9.455565568774559324e+02 2.810592655919531946e-08 2.560218853272421859e-03
9.519025740377072680e+02 2.741314080138793685e-08 2.525106105990192803e-03
9.582485911979586035e+02 2.699000501771768967e-08 2.513814812852314604e-03
9.645946083582100528e+02 2.621041849630830666e-08 2.468209419743299434e-03
9.709406255184613883e+02 2.565025127485398773e-08 2.442002357259327565e-03
9.772866426787128376e+02 2.489586106187589452e-08 2.396056694381058002e-03
9.836326598389641731e+02 2.437124526863752724e-08 2.371005824794308620e-03
9.899786769992155087e+02 2.389865202731631892e-08 2.350082670261547085e-03
9.963246941594669579e+02 2.328466328299487714e-08 2.314220765966063659e-03
1.002670711319718293e+03 2.277142692914095555e-08 2.287287698279391601e-03
1.009016728479969743e+03 2.243776296178639251e-08 2.277596743301081930e-03
1.015362745640221078e+03 2.191527622719740082e-08 2.247927621043631710e-03
1.021708762800472414e+03 2.138255909791615704e-08 2.216179217847270583e-03
1.028054779960723863e+03 2.089708158807052825e-08 2.188329589959170200e-03
1.034400797120975312e+03 2.081402367139636200e-08 2.202102120150503314e-03
1.040746814281226534e+03 2.017695284710236478e-08 2.156572499028391356e-03
1.047092831441477983e+03 1.999248703855664298e-08 2.158616374065240942e-03
1.053438848601729433e+03 1.956969134985559007e-08 2.134352725730780109e-03
1.059784865761980654e+03 1.924101300383246762e-08 2.119617298782764010e-03
1.066130882922232104e+03 1.910078540327965982e-08 2.125211211908415842e-03
1.072476900082483553e+03 1.868103826563987452e-08 2.099169888253887666e-03
1.078822917242735002e+03 1.833256298534400641e-08 2.080367808847920566e-03
1.085168934402986224e+03 1.803899997531363199e-08 2.067162948656296739e-03
1.091514951563237673e+03 1.792629453856909014e-08 2.074308480575611825e-03
1.097860968723489123e+03 1.756269001165366486e-08 2.051964980590529654e-03
1.104206985883740344e+03 1.739797245453346923e-08 2.052340693148955054e-03
1.110553003043991794e+03 1.715545724867246257e-08 2.043154064539708797e-03
1.116899020204243243e+03 1.687894177536744787e-08 2.029403468607245391e-03
1.123245037364494465e+03 1.683505117674803038e-08 2.043330519651465407e-03
1.129591054524745914e+03 1.648994498578680676e-08 2.020325199504420695e-03
1.135937071684997363e+03 1.638124130421302813e-08 2.025834344736478741e-03
1.142283088845248813e+03 1.620354390326430540e-08 2.022551500478915291e-03
1.148629106005500034e+03 1.582016346013531372e-08 1.993015432132784742e-03
1.154975123165751484e+03 1.583420353084336645e-08 2.013186177522605265e-03
1.161321140326002933e+03 1.570923165009014992e-08 2.015620795300842628e-03
1.167667157486254155e+03 1.557726159588974794e-08 2.016924099257817911e-03
1.174013174646505604e+03 1.537123618356585516e-08 2.008308439292610416e-03
1.180359191806757053e+03 1.520986337980934314e-08 2.005159651553339341e-03
1.186705208967008275e+03 1.506878871429848321e-08 2.004393987308791727e-03
1.193051226127259724e+03 1.498023612602571261e-08 2.010406183315324030e-03
1.199397243287511174e+03 1.501671022503017597e-08 2.033198953645083424e-03
1.205743260447762623e+03 1.466758671531286345e-08 2.003472579990481488e-03
1.212089277608013845e+03 1.470168515854385056e-08 2.025776211434549088e-03
1.218435294768265294e+03 1.443362771853696121e-08 2.006224905900047713e-03
1.224781311928516743e+03 1.443981967230305762e-08 2.024538414193186031e-03
1.231127329088767965e+03 1.426867875671420808e-08 2.017849232050635596e-03
1.237473346249019414e+03 1.430336496209226763e-08 2.040161946065655475e-03
1.243819363409270863e+03 1.419378927402409379e-08 2.041865866059532162e-03
1.250165380569522313e+03 1.392008492338630886e-08 2.019548707671020224e-03
1.256511397729773535e+03 1.392776543005465171e-08 2.037787205617906921e-03
1.262857414890024984e+03 1.394526618745704078e-08 2.057551303144502467e-03
1.269203432050276433e+03 1.383847364459810612e-08 2.058923705828078540e-03
1.275549449210527655e+03 1.368485365095659661e-08 2.053063222115241501e-03
1.281895466370779104e+03 1.363133815476891381e-08 2.062019861834194293e-03
1.288241483531030553e+03 1.356313422824368350e-08 2.068658775611208634e-03
1.294587500691281775e+03 1.359888870933921402e-08 2.091168855670831085e-03
1.300933517851533225e+03 1.351539044709845735e-08 2.095336453039386114e-03
1.307279535011784674e+03 1.334586638267108857e-08 2.085903486183783399e-03
1.313625552172036123e+03 1.328983683848318451e-08 2.093978870466118268e-03
1.319971569332287345e+03 1.323469137987090055e-08 2.102106815376614170e-03
1.326317586492538794e+03 1.319125139017855821e-08 2.112022516771884257e-03
1.332663603652790243e+03 1.316761302835593329e-08 2.125076733407108530e-03
1.339009620813041465e+03 1.313606031699569160e-08 2.136836514416755317e-03
1.345355637973292914e+03 1.293158933622053440e-08 2.120217474338172668e-03
1.351701655133544364e+03 1.288350776818682227e-08 2.128966689059244490e-03
1.358047672293795586e+03 1.290919879689447331e-08 2.149929974158275824e-03
1.364393689454047035e+03 1.288681225298525552e-08 2.162942652134936493e-03
1.370739706614298484e+03 1.269389331103767321e-08 2.147104420215451351e-03
1.377085723774549933e+03 1.285574597566863899e-08 2.191285217665157881e-03
1.383431740934801155e+03 1.271310135408746945e-08 2.183640139904933705e-03
1.389777758095052604e+03 1.261186305258286242e-08 2.182838011523152537e-03
1.396123775255304054e+03 1.258744673685705442e-08 2.195217304351399293e-03
1.402469792415555276e+03 1.250459163735253897e-08 2.197313580664169309e-03
1.408815809575806725e+03 1.241824252007528664e-08 2.198621639249664483e-03
1.415161826736058174e+03 1.242958555436002322e-08 2.217175937468458379e-03
1.421507843896309623e+03 1.229384621162035704e-08 2.209377245417828203e-03
1.427853861056560845e+03 1.234689344465078802e-08 2.235444887282083803e-03
1.434199878216812294e+03 1.219472384115977504e-08 2.224273078072737213e-03
1.440545895377063744e+03 1.220766538326783366e-08 2.243078376895503868e-03
1.446891912537314965e+03 1.208981957347692164e-08 2.237758943246796924e-03
1.453237929697566415e+03 1.208542130021618761e-08 2.253320677839933117e-03
1.459583946857817864e+03 1.201505515354462172e-08 2.256528894582386733e-03
1.465929964018069086e+03 1.200205715458647965e-08 2.270445390813716300e-03
1.472275981178320535e+03 1.191791115326051788e-08 2.270817270400407855e-03
1.478621998338571984e+03 1.196087028821550561e-08 2.295398283653507076e-03
1.484968015498823434e+03 1.178592221308097843e-08 2.278026313700868936e-03
1.491314032659074655e+03 1.173774681035304315e-08 2.284896739801691497e-03
1.497660049819326105e+03 1.177552158119416663e-08 2.308530204877773644e-03
1.504006066979577554e+03 1.160096271536690032e-08 2.290393018724909587e-03
1.510352084139828776e+03 1.158573164977466770e-08 2.303494238978984719e-03
1.516698101300080225e+03 1.156532256668379198e-08 2.315561509782244464e-03
1.523044118460331674e+03 1.149291586904654619e-08 2.317133382164866025e-03
1.529390135620582896e+03 1.150965646487662726e-08 2.336645535199439062e-03
1.535736152780834345e+03 1.139606161459259069e-08 2.329605960726682887e-03
1.542082169941085795e+03 1.124337918462817207e-08 2.314245264802668439e-03
1.548428187101337244e+03 1.132614386928830704e-08 2.347292375250630437e-03
1.554774204261588466e+03 1.125876066888013517e-08 2.349287302838777743e-03
1.561120221421839915e+03 1.122303021911392580e-08 2.357784170854779465e-03
1.567466238582091364e+03 1.108577813007496148e-08 2.344749803165645675e-03
1.573812255742342586e+03 1.108330498440136252e-08 2.360066040039680846e-03
1.580158272902594035e+03 1.106965323454194849e-08 2.373021457311388308e-03
1.586504290062845484e+03 1.097938663130383905e-08 2.369446079435941210e-03
1.592850307223096706e+03 1.098259027645693421e-08 2.385959428512534914e-03
1.599196324383348156e+03 1.101734422676793109e-08 2.409423953730266150e-03
1.605542341543599605e+03 1.094848837173684321e-08 2.410222299830458263e-03
1.611888358703851054e+03 1.082309950343280681e-08 2.398335389038382809e-03
1.618234375864102276e+03 1.040888249941547914e-08 2.321702007993167033e-03
1.624580393024353725e+03 1.016634783957389367e-08 2.282444944931463163e-03
1.630926410184605174e+03 9.835092973631174406e-09 2.222469171988125918e-03
1.637272427344856396e+03 9.458427518362254864e-09 2.151231690297386936e-03
1.643618444505107846e+03 9.177054994053268923e-09 2.100736967466083124e-03
1.649964461665359295e+03 8.917896848204081925e-09 2.054565990093302433e-03
1.656310478825610744e+03 8.654262111503670368e-09 2.006625346356132739e-03
1.662656495985861966e+03 8.301584681115298323e-09 1.937158804347696760e-03
1.669002513146113415e+03 8.103560634826227675e-09 1.902994517638774159e-03
1.675348530306364864e+03 7.807179486838599578e-09 1.845027224896292513e-03
1.681694547466616086e+03 7.565356596147315073e-09 1.799179926216105474e-03
1.688040564626867535e+03 7.407350933406122422e-09 1.772696491114505004e-03
1.694386581787118985e+03 7.084778759573015024e-09 1.706136596581261629e-03
1.700732598947370207e+03 6.900595159292198798e-09 1.672168133373644512e-03
1.707078616107621656e+03 6.697086296203379685e-09 1.632958315702542993e-03
1.713424633267873105e+03 6.507541170002691738e-09 1.596584596057693938e-03
1.719770650428124554e+03 6.307077564852399865e-09 1.556965754540630712e-03
1.726116667588375776e+03 6.108331961584233455e-09 1.517188497141628255e-03
1.732462684748627225e+03 5.934001745203023416e-09 1.482930570921697213e-03
1.738808701908878675e+03 5.766943502564709700e-09 1.449991217274139953e-03
1.745154719069129897e+03 5.609029695912854606e-09 1.418875531135880717e-03
1.751500736229381346e+03 5.449970349557683011e-09 1.387004956982303572e-03
1.757846753389632795e+03 5.310119800934360265e-09 1.359583873417190281e-03
1.764192770549884017e+03 5.157012636876690429e-09 1.328336967057686373e-03
1.770538787710135466e+03 5.028177248624194176e-09 1.302925711292271310e-03
1.776884804870386915e+03 4.909291557472306894e-09 1.279727829140364041e-03
1.783230822030638365e+03 4.771608004110403990e-09 1.251249821389513548e-03
1.789576839190889586e+03 4.667282875360744345e-09 1.231160597032092624e-03
1.795922856351141036e+03 4.510531970681531500e-09 1.196852307830130078e-03
1.802268873511392485e+03 4.454863379334790266e-09 1.189050664769511880e-03
1.808614890671643707e+03 4.334487586068304057e-09 1.163718487223258701e-03
1.814960907831895156e+03 4.211626358895597023e-09 1.137353042923225539e-03
1.821306924992146605e+03 4.104349685023790480e-09 1.114849524887646156e-03
1.827652942152397827e+03 4.010444368982379131e-09 1.095675741094854268e-03
1.833998959312649276e+03 3.938148712618018713e-09 1.082157781777347977e-03
1.840344976472900726e+03 3.812467910259873435e-09 1.053670764868112897e-03
1.846690993633152175e+03 3.757601533028095143e-09 1.044482359716381904e-03
1.853037010793403397e+03 3.639477867050947418e-09 1.017448818826857670e-03
1.859383027953654846e+03 3.591149516978166413e-09 1.009674972980058186e-03
1.865729045113906295e+03 3.511012472275626286e-09 9.927654620672703503e-04
1.872075062274157517e+03 3.378990990071178268e-09 9.608578235194338178e-04
1.878421079434408966e+03 3.377847069926062720e-09 9.659654027866978196e-04
1.884767096594660416e+03 3.258654680551476222e-09 9.371328457972058447e-04
1.891113113754911865e+03 3.201399790864166984e-09 9.258396073470139594e-04
1.897459130915163087e+03 3.144030776271457859e-09 9.143395507417429163e-04
1.903805148075414536e+03 3.061101352366233814e-09 8.951899626270733330e-04
1.910151165235665985e+03 2.995924573508203692e-09 8.810024269003426372e-04
1.916497182395917207e+03 2.941330074374951143e-09 8.697425926698457719e-04
1.922843199556168656e+03 2.868505199940211151e-09 8.528947201196026033e-04
1.929189216716420106e+03 2.807580807743704434e-09 8.393768255442464292e-04
1.935535233876671327e+03 2.776668774647787850e-09 8.346912846353041855e-04
1.941881251036922777e+03 2.695839718481932562e-09 8.148265697339869247e-04
1.948227268197174226e+03 2.642713502951683738e-09 8.031243245731523213e-04
1.954573285357425675e+03 2.586829943649980766e-09 7.904137328379365031e-04
1.960919302517676897e+03 2.525414265139033907e-09 7.758280877920454427e-04
1.967265319677928346e+03 2.472566489149426049e-09 7.636942819287167918e-04
1.973611336838179795e+03 2.423711843857617197e-09 7.526337750168080563e-04
1.979957353998431017e+03 2.373924601870211758e-09 7.411281595509734222e-04
1.986303371158682467e+03 2.327781531457680414e-09 7.306087194594464412e-04
1.992649388318933916e+03 2.277460579527948508e-09 7.186250505684564031e-04
1.998995405479185138e+03 2.224732026773400222e-09 7.057171963197885704e-04
2.005341422639436587e+03 2.184637825111483004e-09 6.966692739607799724e-04
2.011687439799688036e+03 2.131215076262660692e-09 6.832213884944255636e-04
2.018033456959939485e+03 2.105180402488834765e-09 6.784272057208612459e-04
2.024379474120190707e+03 2.048230489020115621e-09 6.635373417046430558e-04
2.030725491280442156e+03 2.000806624915255760e-09 6.515641050567502843e-04
2.037071508440693606e+03 1.958008659453806614e-09 6.409513487401187698e-04
2.043417525600944828e+03 1.911781599693989787e-09 6.290716792622978119e-04
2.049763542761196277e+03 1.864437867674034756e-09 6.166719424676041271e-04
2.056109559921447726e+03 1.835626778062959236e-09 6.102785960379906787e-04
2.062455577081699175e+03 1.785368170755590534e-09 5.966259329841637092e-04
2.068801594241950625e+03 1.751188856057457144e-09 5.882081738110743691e-04
2.075147611402201619e+03 1.694234364889011962e-09 5.719900548511049716e-04
2.081493628562453068e+03 1.665632870021854661e-09 5.652029576686554233e-04
2.087839645722704518e+03 1.622397619557520047e-09 5.533321024780428910e-04
2.094185662882955967e+03 1.579647737247781590e-09 5.414839060583630410e-04
2.100531680043207416e+03 1.550182422442280685e-09 5.340700221514068898e-04
2.106877697203458865e+03 1.497201215237898482e-09 5.184167765592841669e-04
2.113223714363710315e+03 1.471570005425877907e-09 5.121022923564229898e-04
2.119569731523961309e+03 1.416912230530033791e-09 4.955518829324671555e-04
2.125915748684212758e+03 1.384055247751959060e-09 4.864783397990102049e-04
2.132261765844464207e+03 1.349007463299826882e-09 4.765208249243001724e-04
2.138607783004715657e+03 1.308087712110581021e-09 4.643606791493068669e-04
2.144953800164967106e+03 1.275597033039463812e-09 4.550684615048901176e-04
2.151299817325218555e+03 1.227437963634794012e-09 4.400490814209338797e-04
2.157645834485470004e+03 1.204658342713476770e-09 4.340077565579630132e-04
2.163991851645720999e+03 1.163560920519105492e-09 4.212583235713058009e-04
2.170337868805972448e+03 1.122147876082273231e-09 4.082526434232196049e-04
2.176683885966223897e+03 1.095789796419877663e-09 4.006079120792915772e-04
2.183029903126475347e+03 1.042585852219530037e-09 3.830110483482004392e-04
2.189375920286726796e+03 1.027390923243583289e-09 3.792593413984043471e-04
2.195721937446978245e+03 9.646340682177526632e-10 3.578146881101711379e-04
2.202067954607229240e+03 9.520565574012060320e-10 3.548520159589489621e-04
2.208413971767480689e+03 9.043630715259727584e-10 3.386961788632002765e-04
2.214759988927732138e+03 8.803915635307929592e-10 3.312991493011148880e-04
2.221106006087983587e+03 8.340739139280463689e-10 3.153697371381892155e-04
2.227452023248235037e+03 7.995325497940225303e-10 3.037503217913495725e-04
2.233798040408486486e+03 7.721134603403872426e-10 2.947277077111051043e-04
2.240144057568737935e+03 7.282577947872115366e-10 2.793047924500677184e-04
2.246490074728988930e+03 6.970749636728200818e-10 2.686088546744617783e-04
2.252836091889240379e+03 6.611769971391446293e-10 2.559766755105043483e-04
2.259182109049491828e+03 6.331836416050592563e-10 2.462909306513592824e-04
2.265528126209743277e+03 5.907513095773016038e-10 2.308627104173553951e-04
2.271874143369994727e+03 5.578828287701892587e-10 2.190366434530314522e-04
2.278220160530246176e+03 5.275434327332552737e-10 2.080899178928688421e-04
2.284566177690497625e+03 4.980476126593113832e-10 1.973681638744380384e-04
2.290912194850748620e+03 4.745970595690878374e-10 1.889466152965619411e-04
2.297258212011000069e+03 4.449298219062121902e-10 1.779540474668489980e-04
2.303604229171251518e+03 4.231823223160300549e-10 1.700359019659169882e-04
2.309950246331502967e+03 4.073941958353565171e-10 1.644444473428518345e-04
2.316296263491754416e+03 3.838093338320838161e-10 1.556344408656758964e-04
2.322642280652005866e+03 3.659157450057058217e-10 1.490567483938735969e-04
2.328988297812257315e+03 3.470082774601608135e-10 1.419990193481679181e-04
2.335334314972508309e+03 3.351278229466539855e-10 1.377607779548664971e-04
2.341680332132759759e+03 3.170806647024839890e-10 1.309329964885069982e-04
2.348026349293011208e+03 3.013124882084195350e-10 1.249842846462865436e-04
2.354372366453262657e+03 2.871288124209581920e-10 1.196378760370116293e-04
2.360718383613514106e+03 2.759280507118025100e-10 1.154878127603050221e-04
2.367064400773765556e+03 2.619679341245303198e-10 1.101365813601669065e-04
2.373410417934016550e+03 2.501164968109279139e-10 1.056242758432301786e-04
2.379756435094267999e+03 2.400165153784170356e-10 1.018111421132915850e-04
2.386102452254519449e+03 2.308120517160246800e-10 9.834228461720826158e-05
2.392448469414770898e+03 2.201152283486787518e-10 9.420076077113787190e-05
2.398794486575022347e+03 2.070145077461158156e-10 8.898617079907855285e-05
2.405140503735273796e+03 2.014173517971437878e-10 8.696229017382104581e-05
2.411486520895525246e+03 1.931421978035302132e-10 8.375650889294137950e-05
2.417832538055776240e+03 1.840822404468966042e-10 8.017806812678515509e-05
2.424178555216027689e+03 1.728664659638066949e-10 7.562262734383625080e-05
2.430524572376279139e+03 1.644071132837523004e-10 7.223604570274060077e-05
2.436870589536530588e+03 1.604954205692241389e-10 7.082448458145490326e-05
2.443216606696782037e+03 1.502681658778795033e-10 6.659939311196183705e-05
2.449562623857033486e+03 1.438157768209796453e-10 6.401583915181577301e-05
2.455908641017284936e+03 1.375609910420796322e-10 6.149629828394590544e-05
2.462254658177535930e+03 1.312042792360336789e-10 5.890736717956644562e-05
2.468600675337787379e+03 1.256058532504795921e-10 5.663626656790555754e-05
2.474946692498038828e+03 1.180917886047253028e-10 5.347647625075230288e-05
2.481292709658290278e+03 1.144160495857018583e-10 5.203356893814803250e-05
2.487638726818541727e+03 1.079697198005614517e-10 4.931141780534612255e-05
2.493984743978793176e+03 1.023425134640839849e-10 4.694028617118220449e-05
2.500330761139044625e+03 9.542581233002518585e-11 4.395365269824720654e-05
2.506676778299295620e+03 9.185759873700901052e-11 4.248924211011076077e-05
2.513022795459547069e+03 8.801057414497160646e-11 4.088169566942219819e-05
2.519368812619798518e+03 8.237430721285502065e-11 3.842477707744312008e-05
2.525714829780049968e+03 7.716861846706498072e-11 3.614774824532108810e-05
2.532060846940301417e+03 7.458082703242216651e-11 3.508197957371363970e-05
2.538406864100552866e+03 7.082585049245711594e-11 3.345496044822891189e-05
2.544752881260803861e+03 6.547987058805615749e-11 3.105874027562622599e-05
2.551098898421055310e+03 6.079494661785691336e-11 2.895651598374403515e-05
2.557444915581306759e+03 5.881056132663150565e-11 2.812758668240281036e-05
2.563790932741558208e+03 5.516648809043689431e-11 2.649392787262528653e-05
2.570136949901809658e+03 5.105984840262717638e-11 2.462294320226182041e-05
2.576482967062061107e+03 4.667620367284853622e-11 2.260169373784763730e-05
2.582828984222312556e+03 4.533980799988961107e-11 2.204477965686464376e-05
2.589175001382563551e+03 4.201869872215573779e-11 2.051374443421073908e-05
2.595521018542815000e+03 3.959852474799517339e-11 1.941123899456156205e-05
2.601867035703066449e+03 3.622574410238542999e-11 1.783032036435201075e-05
2.608213052863317898e+03 3.405864258915182500e-11 1.683187285155179414e-05
2.614559070023569348e+03 3.213452897805197759e-11 1.594542266041513453e-05
2.620905087183820797e+03 2.905088269939685755e-11 1.447365298019758581e-05
2.627251104344072246e+03 2.509608503551074201e-11 1.255380223310226306e-05
2.633597121504323241e+03 2.465603769152124272e-11 1.238337002067677083e-05
2.639943138664574690e+03 2.304093185936500801e-11 1.161870328167118528e-05
2.646289155824826139e+03 1.981610395528949751e-11 1.003260623316876405e-05
2.652635172985077588e+03 1.764682752417995223e-11 8.970070317553582298e-06
2.658981190145329037e+03 1.684839611760684968e-11 8.598393960545970148e-06
2.665327207305580487e+03 1.639756068941219505e-11 8.401628378002002788e-06
2.671673224465831936e+03 1.390083594586199955e-11 7.150665804842369222e-06
2.678019241626082930e+03 1.077708611377616990e-11 5.565756150682854775e-06
2.684365258786334380e+03 1.078014024885046198e-11 5.589338691122845040e-06
2.690711275946585829e+03 1.047924976750263978e-11 5.454756346055930958e-06
2.697057293106837278e+03 8.770775382242484937e-12 4.583405440757737319e-06
2.703403310267088727e+03 5.859154489060402611e-12 3.073876051158586553e-06
2.709749327427340177e+03 5.861124646443673705e-12 3.086949224507453080e-06
2.716095344587591171e+03 5.852247898753716525e-12 3.094314123751101224e-06
2.722441361747842620e+03 4.475530357439741002e-12 2.375611384362785025e-06
2.728787378908094070e+03 3.128725662495703405e-12 1.667184435830858507e-06
2.735133396068345519e+03 2.016393214638051747e-12 1.078630627488843641e-06
2.741479413228596968e+03 2.536861065614293369e-12 1.362296575113637338e-06
2.747825430388848417e+03 1.585660765761361278e-12 8.547888424136663552e-07
2.754171447549099867e+03 1.068970906240870273e-12 5.784744361467843138e-07
2.760517464709350861e+03 4.211398355555827413e-13 2.287760137001807317e-07
2.766863481869602310e+03 4.780440051771461811e-13 2.606838313859103838e-07
2.773209499029853760e+03 2.360645015207092839e-13 1.292216105711332518e-07
2.779555516190105209e+03 6.744818866353219118e-14 3.706203075945115754e-08
