6.283185307179586232e+00 2.857098890768245969e-01 8.303382248134022703e+00
1.256637061435917246e+01 8.188835110772411940e-02 8.480866176880475393e+00
1.884955592153875870e+01 3.862662071695543986e-02 8.412765320436671246e+00
2.513274122871834493e+01 3.316502175976921568e-02 1.224014875959301385e+01
3.141592653589793116e+01 2.141697031427017284e-02 1.189961200942288677e+01
3.769911184307751739e+01 1.507748012621972639e-02 1.170224399572737184e+01
4.398229715025710362e+01 1.129925823589244573e-02 1.163392070994731675e+01
5.026548245743668986e+01 8.564875488217356739e-03 1.126460035894658240e+01
5.654866776461627609e+01 8.370465911848789728e-03 1.366230547241881155e+01
6.283185307179586232e+01 5.895658650816777008e-03 1.167334772929639897e+01
6.911503837897544145e+01 4.605677888632114803e-03 1.086033551785083517e+01
7.539822368615503478e+01 4.039189248571526530e-03 1.117179380496132701e+01
8.168140899333462812e+01 3.533368894763728226e-03 1.131744048604386066e+01
8.796459430051420725e+01 2.886139218651469999e-03 1.058965391685325841e+01
9.424777960769378637e+01 2.253990246828193288e-03 9.385320315281274972e+00
1.005309649148733797e+02 2.100212844561384108e-03 9.843428032560858298e+00
1.068141502220529730e+02 1.758485540750422691e-03 9.210677638506119536e+00
1.130973355292325522e+02 1.498015768298709485e-03 8.713227821230843162e+00
1.193805208364121313e+02 1.200385701787337221e-03 7.709605825824521474e+00
1.256637061435917246e+02 1.079838264471327932e-03 7.619213270952345241e+00
1.319468914507713180e+02 9.647029741038496732e-04 7.443755215048978080e+00
1.382300767579508829e+02 7.834283306186395294e-04 6.583203488313653651e+00
1.445132620651304762e+02 6.908838901514207731e-04 6.298481490054636645e+00
1.507964473723100696e+02 5.886176098435743406e-04 5.801633444670802220e+00
1.570796326794896629e+02 5.403666684031565226e-04 5.739952877124117059e+00
1.633628179866692562e+02 4.634093573727418808e-04 5.289472484295400179e+00
1.696460032938488212e+02 3.948491368030550091e-04 4.829785602339867090e+00
1.759291886010284145e+02 3.547996540812068831e-04 4.639124244000364605e+00
1.822123739082080078e+02 3.054174225948510873e-04 4.258793304765318588e+00
1.884955592153875727e+02 2.687052086073724749e-04 3.987139926242468491e+00
1.947787445225671661e+02 2.420179776266561398e-04 3.813647002444748413e+00
2.010619298297467594e+02 2.105010551810477832e-04 3.515812150796238100e+00
2.073451151369263528e+02 1.932138036474816188e-04 3.414366462879725894e+00
2.136283004441059461e+02 1.740210242833451978e-04 3.248200487080677323e+00
2.199114857512855110e+02 1.534670474927595754e-04 3.020899736021440685e+00
2.261946710584651044e+02 1.433805136646881492e-04 2.971947559698719488e+00
2.324778563656446977e+02 1.275120412305555449e-04 2.779184959822952994e+00
2.387610416728242626e+02 1.174601802301769777e-04 2.688378098573382502e+00
2.450442269800038559e+02 1.050628477166721728e-04 2.521916518798081430e+00
2.513274122871834493e+02 9.978116326076802206e-05 2.508928618873753180e+00
2.576105975943630142e+02 9.320244183788123002e-05 2.452039451352218347e+00
2.638937829015426360e+02 8.415822669401271279e-05 2.314106631539677661e+00
2.701769682087222009e+02 7.999369044329874396e-05 2.296559280806703018e+00
2.764601535159017658e+02 7.302409953625972508e-05 2.186716805283739351e+00
2.827433388230813875e+02 7.008154280404781209e-05 2.186870273823545041e+00
2.890265241302609525e+02 6.371022688263173941e-05 2.069799455775195085e+00
2.953097094374405742e+02 6.065907722306839714e-05 2.049926536768635010e+00
3.015928947446201391e+02 5.793269813199451604e-05 2.034834611368761426e+00
3.078760800517997041e+02 5.454567984329681819e-05 1.989678610022134642e+00
3.141592653589793258e+02 5.137866621940410868e-05 1.944871560731342264e+00
3.204424506661588907e+02 4.764499292735066468e-05 1.870218498458473766e+00
3.267256359733385125e+02 4.583437432051057060e-05 1.864348921665389902e+00
3.330088212805180774e+02 4.322377139256259487e-05 1.820643201839335701e+00
3.392920065876976423e+02 4.039584693818085783e-05 1.760847329262044569e+00
3.455751918948772641e+02 3.824907970941802710e-05 1.724311321423769083e+00
3.518583772020568290e+02 3.660045869145229510e-05 1.705405540893877747e+00
3.581415625092363939e+02 3.540742365080046396e-05 1.704229144696572940e+00
3.644247478164160157e+02 3.291537726789852726e-05 1.635610603657563944e+00
3.707079331235955806e+02 3.140023104234778095e-05 1.609995357100496571e+00
3.769911184307751455e+02 3.051417564649338564e-05 1.613523739520236422e+00
3.832743037379547673e+02 2.872094281209369840e-05 1.565428183311962318e+00
3.895574890451343322e+02 2.768526397081072851e-05 1.554640073305568082e+00
3.958406743523139539e+02 2.590233063534285227e-05 1.497819942713356056e+00
4.021238596594935188e+02 2.516791635760233528e-05 1.497983304081194955e+00
4.084070449666730838e+02 2.348964787496483255e-05 1.438403570106257190e+00
4.146902302738527055e+02 2.061042939667777498e-05 1.297918273946572221e+00
4.209734155810322704e+02 1.892601952108650379e-05 1.225160107591992897e+00
4.272566008882118922e+02 1.665358876579774400e-05 1.107738546147615244e+00
4.335397861953914571e+02 1.556397952632507519e-05 1.063343896280299905e+00
4.398229715025710220e+02 1.372681918836769717e-05 9.628960647885331792e-01
4.461061568097506438e+02 1.241099676874578072e-05 8.935318972129372428e-01
4.523893421169302087e+02 1.155220671913437800e-05 8.533049935894952975e-01
4.586725274241097736e+02 1.027121336646339183e-05 7.781143414735357533e-01
4.649557127312893954e+02 9.543263210690710392e-06 7.412274262652112089e-01
4.712388980384689603e+02 8.473015820963981327e-06 6.744971084512672022e-01
4.775220833456485252e+02 7.747041493998248831e-06 6.318644085736397908e-01
4.838052686528281470e+02 7.027314406434838333e-06 5.870640315976298762e-01
4.900884539600077119e+02 6.223715436290278934e-06 5.323773755848395517e-01
4.963716392671873336e+02 5.775823765593901763e-06 5.057392879262830876e-01
5.026548245743668986e+02 5.134594078673997508e-06 4.600808784178241906e-01
5.089380098815464635e+02 4.678907025101492938e-06 4.289072381007486001e-01
5.152211951887260284e+02 4.160857734319218384e-06 3.900958722675045287e-01
5.215043804959057070e+02 3.689368632867371818e-06 3.536646442856264394e-01
5.277875658030852719e+02 3.372984150639740729e-06 3.305136626676173917e-01
5.340707511102648368e+02 2.865415363546793284e-06 2.869362209884595005e-01
5.403539364174444017e+02 2.572842767837052762e-06 2.632227965770375100e-01
5.466371217246239667e+02 2.195444941476162166e-06 2.294233438032054484e-01
5.529203070318035316e+02 1.907773674184243830e-06 2.035829996805967046e-01
5.592034923389832102e+02 1.591993776184067290e-06 1.734414130228931483e-01
5.654866776461627751e+02 1.324570793942766966e-06 1.472932576589293108e-01
5.717698629533423400e+02 1.054168097740929578e-06 1.196232269156214389e-01
5.780530482605219049e+02 8.578151373504034776e-07 9.931186732040253595e-02
5.843362335677014698e+02 7.094579822125918099e-07 8.378028699226212905e-02
5.906194188748811484e+02 5.951767876684091617e-07 7.167650302071251756e-02
5.969026041820607134e+02 4.876272085585596938e-07 5.987483073488341495e-02
6.031857894892402783e+02 3.962447057235919515e-07 4.959719992254596477e-02
6.094689747964198432e+02 3.363721603175022410e-07 4.291060613819457775e-02
6.157521601035994081e+02 2.684652913515575694e-07 3.489787985534714698e-02
6.220353454107790867e+02 2.169808965412729750e-07 2.873530303228049448e-02
6.283185307179586516e+02 1.713800840297533065e-07 2.311834692931897042e-02
6.346017160251382165e+02 1.387044754767335403e-07 1.905502041018187695e-02
6.408849013323177815e+02 1.163694330736775433e-07 1.627804802430488432e-02
6.471680866394973464e+02 7.816603792239732173e-08 1.113139095628807099e-02
6.534512719466770250e+02 4.952552082557976207e-08 7.178823328644019092e-03
6.597344572538565899e+02 5.057145268953667518e-08 7.460173067910737428e-03
6.660176425610361548e+02 3.225547632181714469e-08 4.841656464524884441e-03
6.723008278682157197e+02 1.961066390496871821e-08 2.994739018476117072e-03
6.785840131753952846e+02 6.074156841132624527e-09 9.435378184694775657e-04
6.848671984825748495e+02 6.684665229019332184e-09 1.056066664521758403e-03
