6.346017160251381739e+00 3.160390109140609428e-04 6.874526084518667833e-03
1.269203432050276348e+01 2.973659019367835702e-04 2.053571826296810704e-02
1.903805148075414522e+01 1.798476500149754536e-04 2.441231296177742358e-02
2.538406864100552696e+01 1.888320316326336300e-04 4.140102131814053094e-02
3.173008580125690870e+01 1.588974573014587382e-04 5.053229526339472061e-02
3.807610296150829043e+01 1.107716180302252773e-04 4.773636222948070273e-02
4.442212012175967573e+01 9.354268595993396238e-05 5.212050795025243571e-02
5.076813728201105391e+01 7.151113890325903942e-05 4.977665898166192676e-02
5.711415444226243210e+01 7.456093468322300870e-05 6.315643338694626463e-02
6.346017160251381739e+01 5.100915577051303064e-05 5.150114358561839328e-02
6.980618876276520268e+01 4.912832885579451899e-05 5.814180858039157129e-02
7.615220592301658087e+01 3.395342167510614678e-05 4.645377663850364797e-02
8.249822308326795905e+01 2.824749198556797985e-05 4.416255773155818021e-02
8.884424024351935145e+01 2.257967253749207850e-05 3.994230303811327487e-02
9.519025740377072964e+01 1.768767247490013510e-05 3.510143378498996325e-02
1.015362745640221078e+02 1.561175720200000142e-05 3.450011132031306077e-02
1.078822917242734860e+02 1.123249834680045986e-05 2.746165051435832394e-02
1.142283088845248642e+02 9.344442442654362876e-06 2.512906359357439806e-02
1.205743260447762566e+02 7.858740342907484679e-06 2.312655860542270694e-02
1.269203432050276348e+02 6.245235495567401591e-06 2.001862368865776898e-02
1.332663603652790130e+02 4.956937227806984775e-06 1.723512009919238308e-02
1.396123775255304054e+02 4.014331933729056873e-06 1.508295673032726721e-02
1.459583946857817693e+02 3.317301170820192374e-06 1.342249854607158351e-02
1.523044118460331617e+02 2.638692187972960454e-06 1.146153727286032889e-02
1.586504290062845541e+02 2.086964805422742928e-06 9.703249752888835206e-03
1.649964461665359181e+02 1.754464617594232756e-06 8.708344428206872545e-03
1.713424633267873105e+02 1.345448482730235753e-06 7.111732571072082801e-03
1.776884804870387029e+02 1.164766490790661256e-06 6.541404274241770581e-03
1.840344976472900669e+02 9.587884928182079995e-07 5.708932127855290486e-03
1.903805148075414593e+02 7.826175550597029858e-07 4.930834358529530975e-03
1.967265319677928233e+02 6.725488549822234248e-07 4.475367780484436689e-03
2.030725491280442156e+02 5.761708701593034813e-07 4.042375611318178331e-03
2.094185662882956080e+02 4.636064234455508726e-07 3.423797585670276290e-03
2.157645834485469720e+02 4.042819617369683586e-07 3.137988129404246408e-03
2.221106006087983644e+02 3.472898817658203018e-07 2.829052071920905298e-03
2.284566177690497284e+02 3.108776436754839615e-07 2.654171998201691751e-03
2.348026349293011208e+02 2.805619092057359471e-07 2.507265463975473334e-03
2.411486520895525132e+02 2.292038280252977808e-07 2.141394081158651003e-03
2.474946692498038772e+02 2.241720128790253496e-07 2.187045441504617462e-03
2.538406864100552980e+02 1.987812609164188176e-07 2.022914357986503511e-03
2.601867035703066335e+02 1.876526569501793148e-07 1.989893725823552693e-03
2.665327207305580259e+02 1.696688890670439050e-07 1.872922342485764963e-03
2.728787378908094183e+02 1.596062006141997011e-07 1.832311281907203840e-03
2.792247550510608107e+02 1.520091431544200462e-07 1.813257887856303645e-03
2.855707722113122031e+02 1.442607848909624924e-07 1.786506294108765542e-03
2.919167893715635387e+02 1.361131059154709922e-07 1.748497707148858899e-03
2.982628065318149311e+02 1.363857913628716384e-07 1.815937768986781694e-03
3.046088236920663235e+02 1.264146836570625938e-07 1.743284711369196731e-03
3.109548408523177159e+02 1.252322715568615846e-07 1.787359015118992729e-03
3.173008580125691083e+02 1.224447431946771587e-07 1.807419189193027560e-03
3.236468751728204438e+02 1.246245177552862964e-07 1.901322792899145858e-03
3.299928923330718362e+02 1.192215931443176718e-07 1.878722185541909949e-03
3.363389094933232286e+02 1.170391600018504276e-07 1.903822181100225637e-03
3.426849266535746210e+02 1.170795148294557802e-07 1.964743756443065002e-03
3.490309438138260134e+02 1.162395301138499529e-07 2.011223794409790905e-03
3.553769609740774058e+02 1.157203070724312781e-07 2.063280906809169223e-03
3.617229781343287414e+02 1.104023750980600335e-07 2.027395973071901246e-03
3.680689952945801338e+02 1.111730699703331754e-07 2.101591604032270258e-03
3.744150124548315262e+02 1.098325720486796030e-07 2.136255744770014422e-03
3.807610296150829186e+02 1.078452408622834786e-07 2.157190367072260410e-03
3.871070467753343110e+02 1.072228663683600409e-07 2.204647743585093356e-03
3.934530639355856465e+02 1.052643530354561164e-07 2.223836624232962498e-03
3.997990810958370389e+02 1.028464115284368717e-07 2.231475531412305344e-03
4.061450982560884313e+02 9.974685514182135004e-08 2.221780950620053617e-03
4.124911154163398237e+02 8.737975862306653165e-08 1.997262610789828519e-03
4.188371325765912161e+02 7.521496825337768234e-08 1.763516683778853979e-03
4.251831497368425516e+02 6.757440756914793433e-08 1.624584560852945564e-03
4.315291668970939440e+02 6.005275553482402747e-08 1.479846028520982390e-03
4.378751840573453364e+02 5.313443395716781751e-08 1.341611008487291314e-03
4.442212012175967288e+02 4.793320465652139569e-08 1.239658137872656036e-03
4.505672183778481212e+02 4.286279727816328016e-08 1.135045213622418473e-03
4.569132355380994568e+02 3.942390492813262503e-08 1.068601722239797451e-03
4.632592526983508492e+02 3.570775339983514820e-08 9.903819059325486267e-04
4.696052698586022416e+02 3.286287676337982254e-08 9.323819297657988869e-04
4.759512870188536340e+02 2.965040042200316582e-08 8.602699218848090367e-04
4.822973041791050264e+02 2.756616908697165996e-08 8.176506878375378561e-04
4.886433213393564188e+02 2.513475778802870994e-08 7.619526491511202128e-04
4.949893384996077543e+02 2.335955374547992242e-08 7.235317883577238509e-04
5.013353556598591467e+02 2.153627323825935275e-08 6.813722491196902301e-04
5.076813728201105391e+02 1.903129257537088663e-08 6.148752343700162031e-04
5.140273899803619315e+02 1.840324315107424623e-08 6.070225143371485313e-04
5.203734071406132671e+02 1.642459280938629873e-08 5.529507300048154637e-04
5.267194243008647163e+02 1.460270660571820949e-08 5.016478059035151763e-04
5.330654414611160519e+02 1.315570967404533447e-08 4.610504968625087226e-04
5.394114586213675011e+02 1.177685707157683267e-08 4.209491957229228925e-04
5.457574757816188367e+02 1.042045971281413541e-08 3.797983157796394008e-04
5.521034929418701722e+02 8.909607587857359874e-09 3.310493461509094576e-04
5.584495101021216215e+02 7.761238260549811728e-09 2.939256855188387453e-04
5.647955272623729570e+02 6.300460212486801342e-09 2.431407141547450043e-04
5.711415444226244063e+02 5.076542444305503667e-09 1.995909939434132294e-04
5.774875615828757418e+02 4.086471157372261900e-09 1.636513135079004490e-04
5.838335787431270774e+02 3.400092675771005140e-09 1.386668139456711613e-04
5.901795959033785266e+02 2.841790214590260832e-09 1.180046168100294072e-04
5.965256130636298622e+02 2.209098923292482723e-09 9.338210444149605495e-05
6.028716302238813114e+02 1.923885364662341558e-09 8.277272822012591040e-05
6.092176473841326469e+02 1.623961359626802891e-09 7.109894395118302292e-05
6.155636645443839825e+02 1.349898081640722247e-09 6.012973282871513013e-05
6.219096817046354317e+02 1.097707806091345053e-09 4.973921753955205875e-05
6.282556988648867673e+02 8.876826319771533736e-10 4.090896110830884001e-05
6.346017160251382165e+02 7.717344769822857719e-10 3.616623552416538230e-05
6.409477331853895521e+02 6.188776728317689704e-10 2.948780922728621803e-05
6.472937503456408876e+02 4.631942581185173471e-10 2.243531596742863780e-05
6.536397675058923369e+02 2.834488468794609156e-10 1.395421700879144559e-05
6.599857846661436724e+02 2.710629444974108301e-10 1.356108549827403144e-05
6.663318018263951217e+02 1.971318082303894772e-10 1.002092028970992570e-05
6.726778189866464572e+02 1.243172812757368227e-10 6.420123014230632249e-06
6.790238361468977928e+02 6.363636198072464277e-11 3.338210431586727766e-06
6.853698533071492420e+02 1.673249680230861930e-11 8.914611337460508411e-07
6.917158704674005776e+02 1.048727102218212502e-11 5.673817882355397091e-07
