1.476200263311501341e-07
1.304712592936556462e-07
1.640071292567631476e-07
2.022288596403090725e-07
1.276836916729909546e-07
9.704955011511194394e-08
6.033997679731046083e-07
2.039882463623900289e-07
9.991242414159437289e-08
1.041517604314733239e-07
4.945862737490314108e-07
8.129872529981247391e-08
3.007430267253077980e-07
4.323130089293639051e-07
3.288132893369183236e-07
1.053205402854056865e-08
1.105842352073177046e-07
4.891309586684822872e-07
3.053832946789187548e-07
3.618175520952447857e-07
1.431023876562728499e-07
2.510290790243729358e-07
2.231972978627723038e-07
6.437593249689213308e-07
5.309807895717193509e-07
3.521382426652236820e-07
2.252520777590508929e-07
4.935754135140814351e-07
1.398991424695740620e-07
3.120190973343354624e-07
5.460524310344557915e-07
9.152292548948211341e-08
5.802836130407114035e-07
8.951291631486972992e-08
1.066413672090719013e-07
2.795088133735001591e-07
2.364674700521284789e-07
3.579422939715954361e-07
4.364783058428035468e-07
2.043687068928006131e-07
4.068526637292880011e-07
3.956758668493786388e-07
3.670219267680655599e-07
1.240778059206431694e-07
2.147642649321641340e-07
2.467025002079850971e-07
1.793611930429425314e-07
1.385069521398905306e-07
2.072023850000028572e-07
2.381830447831127542e-07
2.421203432887615524e-07
2.699031594650434543e-07
1.375118884213055967e-07
2.265545502559333227e-07
1.926320805213879011e-07
2.875088307079641689e-07
2.421349243895387325e-07
3.996364872833128396e-07
3.014360664678022161e-07
2.643776603719455849e-07
3.695070153049812564e-07
2.115398557262532790e-07
3.379447268485368658e-07
1.711781641030534548e-07
5.100161536806346266e-07
7.214334052832048428e-08
6.275990344501847747e-08
9.141542379038592567e-08
5.527737270897394477e-07
4.753999560182568236e-07
8.857244679371971137e-08
2.110705447463956507e-07
1.110725019785480682e-07
3.582627489432110328e-08
3.746685468931672045e-07
1.886379781887094093e-07
2.365688238172352799e-07
3.525917855615878461e-07
2.558737438261119213e-07
1.650438808633584950e-07
1.733152910892372344e-07
8.978151740493145680e-08
2.151108453940034832e-07
3.883958613818991819e-07
3.746032323393842947e-07
2.367541146496452533e-07
2.830036201065725031e-07
1.279385335571992550e-07
1.825154681493172382e-07
1.671013937030290130e-07
1.080781420601594917e-07
1.159868956332167194e-07
1.437109505740909394e-07
2.939599956604265613e-07
3.861014218718417112e-07
1.576394048091802453e-07
5.053204792184705015e-08
2.362540628248481012e-07
1.172219838382232556e-07
1.096647402457243567e-07
4.034771113370736505e-07
3.337790329360951769e-07
3.700601583441308621e-07
2.961905210068336943e-07
2.154730708463445765e-07
1.224332553505640608e-07
1.754040894167584531e-07
1.226143849304949469e-07
1.155541940114256465e-07
3.933323740610370069e-07
1.356126427031387882e-07
3.857427760211494300e-07
3.519807232860668307e-07
3.251528691097641951e-07
2.694975441101606143e-07
3.554552018731628451e-07
2.756286687700129025e-07
2.583317888885961512e-07
1.376766887909169639e-07
1.654767147488684079e-07
2.035493735734281183e-07
2.589787428619862515e-07
2.102398646917288657e-07
7.674564363352084252e-08
2.465339009597735987e-07
4.586493587330886405e-07
3.927442822639484664e-07
3.432606666947394923e-07
2.033746596940537282e-07
2.758576698514557807e-07
2.270193633858901015e-07
5.042562817920741667e-07
2.279721430044362696e-07
8.733298729116585283e-08
9.498762723957872974e-08
3.822305774462334513e-07
2.367246679700716101e-07
2.227189428251249682e-07
1.159838119627286390e-07
1.407686422575218981e-07
2.983029552052388790e-07
3.710601397768377553e-07
6.872276325598459299e-08
1.328707957041120159e-07
3.276333009037776260e-07
3.515224200561152488e-07
3.767803572444521081e-07
1.546531074691495460e-07
2.546155759931304889e-07
2.845977062707660301e-07
1.955367347442561669e-07
2.324637945554517583e-07
5.174632482616455979e-08
3.850555165024138554e-07
1.937662291641079745e-07
5.511682761018012614e-08
1.852321543096118008e-07
3.049278106436495517e-07
1.137327332764498100e-07
4.299107276903758511e-08
3.847132790436058300e-07
1.005169615770123137e-08
1.605939264531824905e-07
1.500050578797692822e-07
3.808359084498280633e-07
2.297795286389425933e-07
1.877624065451243332e-07
3.339756126212643034e-07
1.683823917642108275e-07
2.401155588957550655e-07
1.100922518045704590e-07
7.254576681524167465e-08
1.869380866316648913e-07
2.902669597164287763e-07
2.606660764094094284e-07
2.177410340562065735e-07
1.417162900817823973e-07
1.421829629305014445e-07
3.635331942323460269e-07
2.024771714361775304e-07
1.558508746598668330e-07
1.445771547479954076e-07
1.845367060027852550e-07
1.167957414402444306e-07
2.471370743843233610e-07
3.248548408558620827e-07
1.681197479369616492e-07
4.374302930954541785e-07
1.287107774299718758e-07
1.608883904330246200e-07
3.165314350259113800e-07
2.303625368604063738e-07
9.869149270124758357e-08
3.048007947237320531e-07
1.065441317716048913e-07
9.567471826041866252e-08
2.974460759808002114e-07
2.274296999817033631e-07
2.446762731268653368e-07
2.927687971911860010e-07
1.342272747381580481e-07
1.640186000432575088e-07
5.492901836059779511e-08
2.374669990774105407e-07
5.430488806226201665e-08
2.758420257355920524e-07
2.912218099517022188e-07
1.916098407636670995e-07
2.351965371911033116e-07
1.319129715050344468e-07
5.583411572048381865e-08
2.005999142963665467e-07
2.783715123780543123e-07
3.042789940151482570e-07
1.157243950674865176e-07
3.485392663923078959e-08
1.878031177997149391e-07
1.680265944897141988e-07
2.863044654813279678e-07
2.462587442971241557e-07
1.801286563087660424e-07
2.500993875260624605e-07
1.061153267175797230e-07
2.769963839075004197e-07
1.788965270636369718e-07
2.659704563208931432e-07
1.303809831182221082e-07
2.508760295330832843e-07
1.356794680988739016e-07
3.295262634417181098e-07
3.582523686511635354e-08
2.442201659935219110e-07
9.821999645169595029e-08
1.130128751270685648e-07
1.637508838293775984e-07
2.534907999722665190e-07
2.084037724784113667e-07
3.569328997193210797e-08
1.485701692654521753e-07
2.554468218246032867e-07
4.784397263456250047e-08
1.228441710229311370e-07
1.013441576983835863e-07
1.538183947213337951e-07
1.806864130044217735e-07
2.482960960883948690e-07
2.955643648819328048e-07
8.859628317306337850e-08
2.631131258442447647e-07
6.775345987331949842e-08
7.941050163116454784e-08
2.034753862895521890e-07
1.241528082996864292e-07
2.700582330960775907e-07
1.588890505861480802e-07
4.270430214125720316e-08
1.001855301693584776e-07
