2.629616771870680204e-03
3.280841771880350921e-02
2.409769806554356436e-02
1.529742992159963989e-02
3.894005597994425975e-03
7.527978995339491657e-03
7.470525214849354015e-03
2.345281728370591980e-03
3.076408009882986450e-03
1.120505513290215175e-03
2.368940815441696306e-03
8.435677955124664838e-04
1.512456755481493250e-03
1.037576438561893305e-03
8.665171450306217603e-04
1.010917562372782956e-03
4.928790340980096756e-04
7.293521674070504134e-04
4.606110229115468850e-04
8.220657226852493959e-04
8.617285197058675069e-04
1.848760403187227493e-04
3.145276931423148046e-04
3.250650215127690837e-04
4.134275458077069846e-04
3.829684294643541311e-04
8.534819381931852864e-05
3.585966342140339716e-04
4.081963352875907615e-04
1.187464049530782091e-04
3.479541084073623880e-04
2.649873285423464883e-04
3.105916976196919756e-04
3.933491119996381652e-04
7.480144881411556954e-05
1.567716316402198039e-04
2.686160710773076725e-04
9.470608487890205438e-05
2.008469578965273378e-04
1.212260690741463130e-04
9.194408545696886601e-05
3.993394456768215310e-04
2.924968999356901498e-04
2.262668483652885063e-04
8.781307226468788028e-05
7.652270383284119474e-05
9.614536768149775149e-05
1.772804453055916733e-04
1.058741228995055644e-04
6.693191742556856526e-05
5.370475413086842200e-05
7.149021893656570326e-05
1.069993216205929475e-04
1.344816946596892973e-04
1.012959644652951832e-04
3.655835000881329182e-05
5.294683764569419881e-05
9.575981955854001321e-05
1.652602727987914502e-05
1.284493336848599993e-05
5.240675983440403221e-06
2.855273900426034389e-05
6.299038807225893031e-05
4.934492325712571320e-05
4.190468147671943313e-05
9.797182927526990092e-05
4.213721435732130144e-05
1.272774036866410350e-05
7.198999252415959858e-05
3.880342880205106450e-05
7.178334626232316302e-05
8.174270895255744457e-05
1.935734571586962931e-05
6.907424481330380779e-05
1.338299832850506912e-05
1.256678018946507332e-05
2.398074137456492286e-05
3.293282005521788698e-05
3.028458307970696402e-05
4.007147728644866821e-05
3.929034713423834471e-05
1.844711982447554534e-05
2.286988902382935693e-05
2.009276746531660923e-05
1.273713121259244928e-05
1.627315152603433281e-05
2.964732942341549634e-05
3.963702776517098796e-05
3.243375368705732342e-05
2.457276358745888917e-05
1.695409995791010362e-05
1.157167382877094824e-05
1.906133074956232695e-05
3.672506447037426170e-05
1.710899793694220487e-05
2.099894016074218024e-05
1.352356843297387046e-05
1.046473815042249458e-05
8.640369022488307682e-06
7.156838294928789441e-06
7.059193396746039807e-06
2.505263650472706844e-05
2.601935857278275959e-05
7.929115666954655154e-06
2.376194226083895973e-05
1.594383308572705770e-05
1.389779976603716309e-05
2.031985852296710255e-06
6.630080355275446907e-06
1.304246555663724581e-05
1.137968742778946678e-05
1.289649907153582014e-05
1.129137717872065734e-05
1.006633152114847468e-05
6.593639606513167877e-06
1.209857227177011768e-05
7.594480144649650402e-06
8.426790982619482677e-06
3.694350228208614497e-06
8.609254290879436920e-06
1.107667005262336497e-05
1.396564236445955148e-05
3.488310461735586557e-06
1.618907363097499632e-06
3.588896672858045494e-06
8.815346603776979802e-06
2.837957567125333875e-06
4.706880470866664924e-06
1.363414570846372538e-06
2.815837512491670778e-06
4.298470761705521413e-06
3.238497206759786672e-06
2.930256700320510255e-06
4.687376807173372868e-06
9.234519962336984060e-06
5.580188020444459905e-06
5.179733169250185662e-06
6.961315457142987009e-06
5.226856810066793328e-06
7.131995829317892817e-06
3.046076047915587112e-06
3.118163146738766461e-06
2.546878063565014453e-06
4.962800667403741782e-06
2.271765560680103936e-06
3.835466243710287528e-06
6.510465810005711575e-06
5.599753779519353477e-06
2.803830403412170481e-06
2.522905434995055804e-06
5.213625673087906562e-06
4.849791754960328768e-06
4.517502022711570649e-06
5.611295526231959162e-06
1.275918772635376406e-06
4.312484081293402857e-06
3.178844591533085300e-06
1.963014100593651084e-06
3.881717068063741041e-06
3.683323094761386565e-06
1.398340169554394437e-06
1.975615567962811781e-06
1.047045111507598624e-06
3.169571472063231398e-06
3.472842750046177573e-06
3.812628850926224994e-06
3.602150460259437589e-06
2.494077527401524831e-06
4.725592138351763656e-06
2.075330857411344055e-06
6.767063187417083842e-07
1.410219098997284411e-06
2.916572211193897961e-06
2.683994214447734444e-06
3.487926453919117380e-06
9.472027378819797139e-07
3.255891482979419376e-06
3.036800964432873631e-06
2.380227138688699905e-07
1.707569717984111587e-06
1.633063513458394933e-06
1.788397303571625012e-06
1.603605628604981285e-06
3.453060412487870640e-06
8.556880578392774083e-07
7.552478918463211906e-07
2.675586819677704279e-06
6.217660472141025020e-07
2.796521180689193647e-07
7.948265345394583744e-08
8.882582741797114600e-07
2.009386229148334211e-06
3.222871279409640155e-06
1.285311976225201319e-06
2.802958103256761363e-06
2.951574672410402140e-06
9.658813186255970750e-07
2.099064073169667855e-06
2.243040666842744294e-06
7.193753993348774000e-07
9.814289287698040267e-07
1.805817496912857653e-06
8.168040174253828265e-07
1.476184119534638131e-06
9.626076529124487933e-07
2.978511886151164537e-06
1.075063876205724951e-06
1.444205816319951664e-06
2.033210865123970254e-06
1.556779338086781148e-06
1.471601767343569030e-06
2.192290884642548317e-06
5.093219175688347460e-07
2.197464670999708397e-07
3.433033543604997324e-06
8.643095413331555457e-07
2.239545417838200311e-06
8.469947572625712541e-07
8.927400701311509035e-07
2.100205461259373807e-06
1.271545854370721885e-06
7.293960029376215950e-07
1.338030525568141655e-06
6.239283933641254315e-07
1.039924069766866732e-06
1.716521817262538545e-06
4.051398461783792730e-07
3.582549015822013323e-07
8.494315815138079304e-07
1.430428573236914788e-06
1.223914741892390977e-06
6.692772147774321708e-07
1.045982177151579996e-06
1.194904331221551552e-06
4.268912857006692363e-07
6.059540715888414697e-07
2.683353903272152718e-07
8.933175958448832495e-07
5.524202855304932352e-07
1.034244110882534330e-06
1.222776515366168961e-06
8.176769070865147843e-07
3.432058506162502923e-07
1.259004729460373034e-06
5.818454109754169484e-07
1.158277232973428538e-07
9.707173937248805978e-07
1.128891565615063556e-06
7.894761848028774643e-07
6.217185357204339380e-07
1.233852098122182849e-06
1.578353393848559745e-06
1.522741847014167386e-06
1.099874529412388452e-06
1.954106691324639280e-07
1.127428986638236473e-06
2.272386621973154836e-07
