0.00000972205036871535
0.00000736319313687442
0.00001004778046020545
0.00000562886075889243
0.00000201147069092833
0.00000696057190484465
0.00001000418424379881
0.00000499661767907712
0.00000685583602718470
0.00000304272411682783
0.00000730217168524834
0.00000739351047019948
0.00000351106505180876
0.00000837496502091799
0.00000816905626384102
0.00000415282392801920
0.00000183051771297379
0.00000657553197686676
0.00000969772624293462
0.00000400373323887263
0.00000408429266895813
0.00000544198072639279
0.00000436612168028638
0.00000482037534709410
0.00000905533576146516
0.00000132297315214342
0.00001252037539706754
0.00000604211075859699
0.00000202037559530429
0.00000527697745504141
0.00000289568744838724
0.00000714860034629805
0.00000156794123735546
0.00000304008027218019
0.00000708251143035081
0.00000426464809142233
0.00000412272707716920
0.00000546237608744770
0.00000535347470672102
0.00000468073918368198
0.00000212237854761826
0.00000264022013746938
0.00000597189085297541
0.00000248366927382680
0.00000395264409680118
0.00000188846264724852
0.00000552122850301491
0.00000642703342112106
0.00000205663263830238
0.00000525406232224817
0.00000233816203313013
0.00000502275566521276
0.00000340364358714253
0.00000584474258196898
0.00000201982764623565
0.00000106180926712888
0.00000025878137246245
0.00000562106442549091
0.00000269191500157840
0.00000471026159895337
0.00000524079418259066
0.00000333252527717087
0.00000194446705614869
0.00000373724978252941
0.00000502290127848365
0.00000142182810140179
0.00000148065269624672
0.00000071905960275394
0.00000291783883090228
0.00000381208862233238
0.00000334144776212798
0.00000183065017621391
0.00000118492137354771
0.00000245631001761171
0.00000146088196790472
0.00000086904665037182
0.00000128706066116696
0.00000377760753690058
0.00000061563669957270
0.00000261651847559283
0.00000249560891705114
0.00000223120571253497
0.00000116690490486866
0.00000236143648195916
0.00000183914788249482
0.00000376132063974675
0.00000127365300409690
0.00000250881031117866
0.00000280084624854720
0.00000207354654433200
0.00000194608291605162
0.00000250524772217763
0.00000252088752463582
0.00000144645788090468
0.00000132435915934401
0.00000175550704909061
0.00000324308319861047
0.00000106262310759972
0.00000227120087285335
0.00000137250708888003
0.00000037871411005776
0.00000200097439270972
0.00000180839505547774
0.00000114393332825070
0.00000349286808183556
0.00000271228362420339
0.00000230163526733978
0.00000268758085958433
0.00000126361963825796
0.00000221457039152495
0.00000229122164602731
0.00000128738142236846
0.00000262525014999126
0.00000078592995764080
0.00000160713358458395
0.00000281764896410962
0.00000235674026149275
0.00000159545528328030
0.00000335117552562202
0.00000378400283228081
0.00000105813595185893
0.00000223841513728633
0.00000114276653514203
0.00000187876073153986
0.00000057594698192680
0.00000165705327594402
0.00000083928090004957
0.00000195966257151130
0.00000170642773308049
