6.283185307179586232e+00 1.300000000000000000e+01
1.256637061435917246e+01 3.700000000000000000e+01
1.884955592153875870e+01 5.700000000000000000e+01
2.513274122871834493e+01 1.210000000000000000e+02
3.141592653589793116e+01 1.890000000000000000e+02
3.769911184307751739e+01 2.450000000000000000e+02
4.398229715025710362e+01 3.210000000000000000e+02
5.026548245743668986e+01 4.050000000000000000e+02
5.654866776461627609e+01 6.050000000000000000e+02
6.283185307179586232e+01 6.530000000000000000e+02
6.911503837897544145e+01 7.650000000000000000e+02
7.539822368615503478e+01 9.410000000000000000e+02
8.168140899333462812e+01 1.133000000000000000e+03
8.796459430051420725e+01 1.293000000000000000e+03
9.424777960769378637e+01 1.353000000000000000e+03
1.005309649148733797e+02 1.725000000000000000e+03
1.068141502220529730e+02 1.917000000000000000e+03
1.130973355292325522e+02 2.141000000000000000e+03
1.193805208364121313e+02 2.237000000000000000e+03
1.256637061435917246e+02 2.573000000000000000e+03
1.319468914507713180e+02 2.929000000000000000e+03
1.382300767579508829e+02 3.061000000000000000e+03
1.445132620651304762e+02 3.373000000000000000e+03
1.507964473723100696e+02 3.637000000000000000e+03
1.570796326794896629e+02 4.101000000000000000e+03
1.633628179866692562e+02 4.385000000000000000e+03
1.696460032938488212e+02 4.613000000000000000e+03
1.759291886010284145e+02 5.073000000000000000e+03
1.822123739082080078e+02 5.361000000000000000e+03
1.884955592153875727e+02 5.713000000000000000e+03
1.947787445225671661e+02 6.169000000000000000e+03
2.010619298297467594e+02 6.397000000000000000e+03
2.073451151369263528e+02 7.005000000000000000e+03
2.136283004441059461e+02 7.489000000000000000e+03
2.199114857512855110e+02 7.709000000000000000e+03
2.261946710584651044e+02 8.341000000000000000e+03
2.324778563656446977e+02 8.689000000000000000e+03
2.387610416728242626e+02 9.257000000000000000e+03
2.450442269800038559e+02 9.493000000000000000e+03
2.513274122871834493e+02 1.024900000000000000e+04
2.576105975943630142e+02 1.084900000000000000e+04
2.638937829015426360e+02 1.111300000000000000e+04
2.701769682087222009e+02 1.186900000000000000e+04
2.764601535159017658e+02 1.215300000000000000e+04
2.827433388230813875e+02 1.311700000000000000e+04
2.890265241302609525e+02 1.319700000000000000e+04
2.953097094374405742e+02 1.390500000000000000e+04
3.015928947446201391e+02 1.468500000000000000e+04
3.078760800517997041e+02 1.538100000000000000e+04
3.141592653589793258e+02 1.602900000000000000e+04
3.204424506661588907e+02 1.628500000000000000e+04
3.267256359733385125e+02 1.729700000000000000e+04
3.330088212805180774e+02 1.788500000000000000e+04
3.392920065876976423e+02 1.838500000000000000e+04
3.455751918948772641e+02 1.901700000000000000e+04
3.518583772020568290e+02 1.981700000000000000e+04
3.581415625092363939e+02 2.090100000000000000e+04
3.644247478164160157e+02 2.120100000000000000e+04
3.707079331235955806e+02 2.194100000000000000e+04
3.769911184307751455e+02 2.304100000000000000e+04
3.832743037379547673e+02 2.350100000000000000e+04
3.895574890451343322e+02 2.447700000000000000e+04
3.958406743523139539e+02 2.461700000000000000e+04
4.021238596594935188e+02 2.578300000000000000e+04
4.084070449666730838e+02 2.636300000000000000e+04
4.146902302738527055e+02 2.563500000000000000e+04
4.209734155810322704e+02 2.606300000000000000e+04
4.272566008882118922e+02 2.542700000000000000e+04
4.335397861953914571e+02 2.608300000000000000e+04
4.398229715025710220e+02 2.541700000000000000e+04
4.461061568097506438e+02 2.520500000000000000e+04
4.523893421169302087e+02 2.567500000000000000e+04
4.586725274241097736e+02 2.510900000000000000e+04
4.649557127312893954e+02 2.554100000000000000e+04
4.712388980384689603e+02 2.484100000000000000e+04
4.775220833456485252e+02 2.495100000000000000e+04
4.838052686528281470e+02 2.484500000000000000e+04
4.900884539600077119e+02 2.424500000000000000e+04
4.963716392671873336e+02 2.443700000000000000e+04
5.026548245743668986e+02 2.409500000000000000e+04
5.089380098815464635e+02 2.414500000000000000e+04
5.152211951887260284e+02 2.377700000000000000e+04
5.215043804959057070e+02 2.343100000000000000e+04
5.277875658030852719e+02 2.326900000000000000e+04
5.340707511102648368e+02 2.301500000000000000e+04
5.403539364174444017e+02 2.282100000000000000e+04
5.466371217246239667e+02 2.224700000000000000e+04
5.529203070318035316e+02 2.212500000000000000e+04
5.592034923389832102e+02 2.181500000000000000e+04
5.654866776461627751e+02 2.168700000000000000e+04
5.717698629533423400e+02 2.110700000000000000e+04
5.780530482605219049e+02 2.094100000000000000e+04
5.843362335677014698e+02 2.066100000000000000e+04
5.906194188748811484e+02 2.054700000000000000e+04
5.969026041820607134e+02 2.024200000000000000e+04
6.031857894892402783e+02 2.014000000000000000e+04
6.094689747964198432e+02 2.028600000000000000e+04
6.157521601035994081e+02 2.017300000000000000e+04
6.220353454107790867e+02 1.964400000000000000e+04
6.283185307179586516e+02 1.979300000000000000e+04
6.346017160251382165e+02 1.956100000000000000e+04
6.408849013323177815e+02 1.968000000000000000e+04
6.471680866394973464e+02 1.941300000000000000e+04
6.534512719466770250e+02 1.900500000000000000e+04
6.597344572538565899e+02 1.956100000000000000e+04
6.660176425610361548e+02 1.911100000000000000e+04
6.723008278682157197e+02 1.912100000000000000e+04
6.785840131753952846e+02 1.891200000000000000e+04
6.848671984825748495e+02 1.916100000000000000e+04
