3.173008580125690870e+00 4.790290840656642735e-02 3.282065870581969969e-01
6.346017160251381739e+00 2.925263523300770593e-02 6.363075348470349502e-01
9.519025740377072609e+00 8.376525199343004893e-03 3.581388224474329474e-01
1.269203432050276348e+01 1.780779726158971538e-02 1.229784266004391835e+00
1.586504290062845435e+01 5.686200490401167353e-03 5.695837446621997424e-01
1.903805148075414522e+01 5.480285181006363214e-03 7.438876012412634076e-01
2.221106006087983786e+01 4.937964312982317562e-03 8.666227608277221606e-01
2.538406864100552696e+01 5.610633201033031654e-03 1.230119396354004691e+00
2.855707722113121605e+01 3.564103486890366889e-03 9.509110603929604721e-01
3.173008580125690870e+01 5.008869197162571854e-03 1.592911941482768379e+00
3.490309438138260134e+01 3.046720353879714752e-03 1.135723154361640841e+00
3.807610296150829043e+01 4.064628366391740549e-03 1.751627135872973584e+00
4.124911154163397953e+01 2.366432125379116722e-03 1.165337486606536688e+00
4.442212012175967573e+01 3.237124681393394911e-03 1.803674771160504342e+00
4.759512870188536482e+01 2.236197915832083445e-03 1.397808726980613203e+00
5.076813728201105391e+01 2.299523790217281299e-03 1.600626325930991634e+00
5.394114586213674301e+01 2.384814627665806774e-03 1.836488613261605174e+00
5.711415444226243210e+01 2.306206044218789969e-03 1.953459261570255512e+00
6.028716302238812830e+01 1.914747509933909181e-03 1.774814326749121207e+00
6.346017160251381739e+01 1.424105510328796094e-03 1.437841133824670381e+00
6.663318018263950648e+01 1.915821709155536871e-03 2.098163489444741181e+00
6.980618876276520268e+01 1.759164420818905240e-03 2.081914923605721057e+00
7.297919734289088467e+01 1.547809120018051737e-03 1.972646223719169312e+00
7.615220592301658087e+01 1.509903562783545617e-03 2.065792470708577522e+00
7.932521450314227707e+01 1.484450618367293140e-03 2.173958154048201585e+00
8.249822308326795905e+01 1.368947215834497542e-03 2.140232856128774674e+00
8.567123166339365525e+01 1.086917970519394629e-03 1.809624442439921488e+00
8.884424024351935145e+01 1.357521654692527393e-03 2.401387408187470207e+00
9.201724882364503344e+01 1.094957005445239447e-03 2.053584008656126780e+00
9.519025740377072964e+01 1.186374625383990493e-03 2.354377062115038832e+00
9.836326598389641163e+01 1.048457583595417035e-03 2.197551690043198835e+00
1.015362745640221078e+02 9.713675500892761036e-04 2.146605803395826850e+00
1.047092831441478040e+02 1.008261694351665671e-03 2.345390950576661471e+00
1.078822917242734860e+02 8.284683140517067968e-04 2.025471680500020355e+00
1.110553003043991822e+02 9.029690193918054296e-04 2.316887793182077715e+00
1.142283088845248642e+02 7.811441775298936727e-04 2.100652000733301605e+00
1.174013174646505604e+02 6.977564242768607202e-04 1.964078287624600572e+00
1.205743260447762566e+02 7.706755186212316429e-04 2.267929944172768053e+00
1.237473346249019386e+02 7.076634033549886009e-04 2.174635595950621614e+00
1.269203432050276348e+02 6.884269826351846044e-04 2.206699925450899435e+00
1.300933517851533168e+02 6.078888811466328767e-04 2.030405144486167046e+00
1.332663603652790130e+02 6.320593806543569129e-04 2.197651258177921285e+00
1.364393689454047092e+02 5.739646425603971928e-04 2.075477246308496948e+00
1.396123775255304054e+02 5.343119171940384797e-04 2.007557835420348713e+00
1.427853861056561016e+02 4.953665864604647317e-04 1.932263319050245176e+00
1.459583946857817693e+02 4.991766321170402901e-04 2.019773687647202998e+00
1.491314032659074655e+02 4.718207752093370091e-04 1.978755950334970315e+00
1.523044118460331617e+02 4.213851239416614367e-04 1.830346611211369323e+00
1.554774204261588579e+02 4.134454365494829469e-04 1.858647706909020370e+00
1.586504290062845541e+02 4.014889327614406525e-04 1.866704880447619619e+00
1.618234375864102219e+02 3.833213499764324896e-04 1.842038543363455405e+00
1.649964461665359181e+02 3.411911102659323644e-04 1.693513607651004449e+00
1.681694547466616143e+02 3.280625643185964137e-04 1.680874164661477321e+00
1.713424633267873105e+02 3.304104850623224509e-04 1.746474159808154347e+00
1.745154719069130067e+02 2.963361207365423087e-04 1.615007281024976482e+00
1.776884804870387029e+02 3.067259316774637360e-04 1.722592756882766363e+00
1.808614890671643707e+02 2.850211801786910258e-04 1.648620278934078032e+00
1.840344976472900669e+02 2.447018306499491066e-04 1.457032654445275854e+00
1.872075062274157631e+02 2.607623190459938830e-04 1.597534570074337967e+00
1.903805148075414593e+02 2.257675907239052929e-04 1.422434989078339207e+00
1.935535233876671555e+02 2.264097549751136016e-04 1.466325106068629758e+00
1.967265319677928233e+02 2.061310928519743957e-04 1.371666079975937924e+00
1.998995405479185195e+02 2.026986495705089162e-04 1.385278780699049195e+00
2.030725491280442156e+02 1.990255185111624724e-04 1.396349492359852507e+00
2.062455577081699118e+02 1.794232186922874574e-04 1.291773333839931981e+00
2.094185662882956080e+02 1.572826370404073666e-04 1.161554037505795556e+00
2.125915748684212758e+02 1.724670145408986914e-04 1.306018897266032042e+00
2.157645834485469720e+02 1.570905885636994612e-04 1.219318319412763474e+00
2.189375920286726682e+02 1.354928511037597311e-04 1.077581872371058846e+00
2.221106006087983644e+02 1.416513962570363689e-04 1.153903977950266890e+00
2.252836091889240606e+02 1.378690246788344333e-04 1.149959896960206729e+00
2.284566177690497284e+02 1.237787640150885059e-04 1.056782744287029008e+00
2.316296263491754246e+02 1.235423995249262214e-04 1.079293454509352657e+00
2.348026349293011208e+02 1.143092829641892362e-04 1.021534670188408267e+00
2.379756435094268170e+02 1.045646230134967327e-04 9.555915317783544305e-01
2.411486520895525132e+02 9.779731503128958746e-05 9.136958722089799645e-01
2.443216606696782094e+02 9.912090184777075125e-05 9.464591282865377764e-01
2.474946692498038772e+02 9.083932689485587242e-05 8.862379083063979257e-01
2.506676778299295734e+02 8.483058884325583870e-05 8.453756049941687500e-01
2.538406864100552696e+02 8.458954694572830431e-05 8.608326975249269708e-01
2.570136949901809658e+02 8.007846039046932025e-05 8.319734940813647839e-01
2.601867035703066335e+02 7.397000158658960899e-05 7.843877323591087469e-01
2.633597121504323582e+02 7.133977337037064874e-05 7.719348060637272191e-01
2.665327207305580259e+02 6.748417708960397377e-05 7.449369400034309141e-01
2.697057293106837506e+02 6.778666595779961205e-05 7.631816054640809810e-01
2.728787378908094183e+02 5.813071273202373706e-05 6.673522729963262679e-01
2.760517464709350861e+02 5.910147326664579834e-05 6.916968620945489477e-01
2.792247550510608107e+02 5.299282325487637596e-05 6.321307572207409686e-01
2.823977636311864785e+02 5.282840778174722188e-05 6.421496892085488684e-01
2.855707722113122031e+02 4.898279108547647662e-05 6.065963431667186212e-01
2.887437807914378709e+02 4.910961517215747726e-05 6.194709271113812976e-01
2.919167893715635387e+02 4.369444655943327646e-05 5.612952486129672014e-01
2.950897979516892633e+02 4.370487435682973010e-05 5.716368285833079987e-01
2.982628065318149311e+02 3.948639405812928824e-05 5.257500331575775121e-01
3.014358151119406557e+02 4.006529927757713664e-05 5.429499666248315259e-01
3.046088236920663235e+02 3.451902249578857681e-05 4.760244809184049908e-01
3.077818322721919913e+02 3.529179697294888298e-05 4.951598317756252809e-01
3.109548408523177159e+02 3.286255448274019085e-05 4.690259330470995525e-01
3.141278494324433836e+02 3.280446642067390669e-05 4.761864646083242558e-01
3.173008580125691083e+02 2.804563687211713657e-05 4.139844711439404912e-01
3.204738665926947760e+02 2.931018562972397307e-05 4.398854556491258450e-01
3.236468751728204438e+02 2.643814697549845942e-05 4.033512213482615683e-01
3.268198837529461684e+02 2.584076642054151636e-05 4.007001537252416479e-01
3.299928923330718362e+02 2.337205386108810799e-05 3.683023767125317982e-01
3.331659009131975608e+02 2.364995539236560283e-05 3.786731989565040868e-01
3.363389094933232286e+02 2.164087833426070335e-05 3.520222136813476732e-01
3.395119180734488964e+02 2.142118573959961127e-05 3.539445372545139690e-01
3.426849266535746210e+02 1.968901660635907354e-05 3.304068393535520842e-01
3.458579352337002888e+02 1.917658084494922312e-05 3.267889902266005731e-01
3.490309438138260134e+02 1.852861036793010396e-05 3.205895792320381243e-01
3.522039523939516812e+02 1.731563682768335626e-05 3.041553854533504686e-01
3.553769609740774058e+02 1.630806595102686664e-05 2.907711010711155897e-01
3.585499695542030736e+02 1.615139013407531230e-05 2.922757099935770486e-01
3.617229781343287414e+02 1.466771311749067033e-05 2.693534670985264223e-01
3.648959867144544660e+02 1.455504203558440159e-05 2.712034909014220951e-01
3.680689952945801338e+02 1.379129072867970395e-05 2.607075689453904888e-01
3.712420038747058584e+02 1.311629040842718416e-05 2.515202006846947169e-01
3.744150124548315262e+02 1.264535547627652062e-05 2.459535707575140617e-01
3.775880210349571939e+02 1.174676307409707634e-05 2.317120160075432922e-01
3.807610296150829186e+02 1.138557404577821456e-05 2.277416273426890736e-01
3.839340381952085863e+02 1.101249280121262692e-05 2.233469359467559756e-01
3.871070467753343110e+02 1.050757005204014787e-05 2.160499097851801553e-01
3.902800553554599787e+02 1.004075763141635461e-05 2.092796886446743609e-01
3.934530639355856465e+02 9.428397417092920853e-06 1.991862855689839618e-01
3.966260725157113711e+02 9.209752961931419709e-06 1.971893309711785780e-01
3.997990810958370389e+02 8.907189368756416944e-06 1.932607548931352948e-01
4.029720896759627635e+02 8.585207282704658918e-06 1.887451196741949944e-01
4.061450982560884313e+02 7.980304154187804243e-06 1.777548547743095231e-01
4.093181068362140991e+02 7.876031816837495211e-06 1.777224902086936842e-01
4.124911154163398237e+02 7.481510234184319377e-06 1.710068887628313772e-01
4.156641239964654915e+02 7.117624513489505982e-06 1.647805609086460676e-01
4.188371325765912161e+02 6.859784909280325712e-06 1.608369373220736587e-01
4.220101411567168839e+02 6.783444680241242192e-06 1.610602739183603915e-01
4.251831497368425516e+02 6.304437574391912271e-06 1.515676173370474056e-01
4.283561583169682763e+02 6.161148094126803742e-06 1.499696367613515824e-01
4.315291668970939440e+02 5.966167246327165341e-06 1.470208789977899000e-01
4.347021754772196687e+02 5.722481576676001676e-06 1.427482389638629334e-01
4.378751840573453364e+02 5.390760957109710939e-06 1.361133206013242780e-01
4.410481926374710042e+02 5.433930732049783371e-06 1.388643746031640036e-01
4.442212012175967288e+02 5.261406784591520564e-06 1.360715559060770297e-01
4.473942097977223966e+02 4.924438485909511341e-06 1.288765738645417658e-01
4.505672183778481212e+02 4.744474230514273478e-06 1.256379216585487013e-01
4.537402269579737890e+02 4.535437635466991350e-06 1.215154052134216900e-01
4.569132355380994568e+02 4.501355537038739659e-06 1.220111576481798937e-01
4.600862441182251814e+02 4.338961749327822432e-06 1.189737734267923980e-01
4.632592526983508492e+02 4.217239983613345796e-06 1.169683829161096839e-01
4.664322612784765738e+02 4.121129870949516690e-06 1.156104973651835288e-01
4.696052698586022416e+02 3.916662510995910714e-06 1.111231185430812535e-01
4.727782784387279662e+02 3.881153278226808664e-06 1.113584864390170376e-01
4.759512870188536340e+02 3.746954202410351855e-06 1.087132704157841440e-01
4.791242955989793018e+02 3.601907411584257145e-06 1.056686602671887132e-01
4.822973041791050264e+02 3.519468780482859361e-06 1.043923100125149078e-01
4.854703127592306942e+02 3.365473501178970141e-06 1.009215636843096287e-01
4.886433213393564188e+02 3.425543714847543741e-06 1.038443310384397633e-01
4.918163299194820866e+02 3.265067557442582159e-06 1.000530685750954801e-01
4.949893384996077543e+02 3.136956253675601327e-06 9.716313902875985120e-02
4.981623470797334789e+02 3.050635152904901069e-06 9.550111348005002609e-02
5.013353556598591467e+02 2.966142423327247908e-06 9.384386573445815949e-02
5.045083642399848713e+02 2.802641348873612128e-06 8.960828037609105956e-02
5.076813728201105391e+02 2.869923014658284877e-06 9.272331762402777344e-02
5.108543814002362069e+02 2.761654252143776460e-06 9.015666603476819863e-02
5.140273899803619315e+02 2.689429011820523702e-06 8.870957947383698028e-02
5.172003985604876561e+02 2.632288843612711930e-06 8.771993366377117685e-02
5.203734071406132671e+02 2.572639461277029368e-06 8.661054095291641219e-02
5.235464157207389917e+02 2.527684773357058364e-06 8.596365979697123683e-02
5.267194243008647163e+02 2.423123459525124226e-06 8.324173043565225028e-02
5.298924328809903272e+02 2.347736424453935097e-06 8.146333783631989900e-02
5.330654414611160519e+02 2.342875624633180138e-06 8.210761696537466348e-02
5.362384500412417765e+02 2.307317779228630849e-06 8.166525661228932198e-02
5.394114586213675011e+02 2.190880302406482613e-06 7.831030771775518429e-02
5.425844672014931120e+02 2.172807262111392515e-06 7.842721602972570205e-02
5.457574757816188367e+02 2.132091553478645240e-06 7.770912257387352362e-02
5.489304843617445613e+02 2.111752376295163331e-06 7.771506970893858612e-02
5.521034929418701722e+02 2.026089025200176189e-06 7.528226584863034754e-02
5.552765015219958968e+02 1.967823302333635758e-06 7.381901699425369445e-02
5.584495101021216215e+02 1.987193168565127253e-06 7.525694930637023827e-02
5.616225186822472324e+02 1.857737788220626546e-06 7.102184277318882022e-02
5.647955272623729570e+02 1.918170372031132063e-06 7.402400751643495314e-02
5.679685358424986816e+02 1.844680886151282635e-06 7.185578036111871236e-02
5.711415444226244063e+02 1.776126729518645794e-06 6.983077620315013279e-02
5.743145530027500172e+02 1.733607225848603203e-06 6.879133601402498410e-02
5.774875615828757418e+02 1.748347272487549636e-06 7.001623566934141174e-02
5.806605701630014664e+02 1.713294193592898050e-06 6.924193087304562899e-02
5.838335787431270774e+02 1.650625464288118854e-06 6.731786335751134553e-02
5.870065873232528020e+02 1.609144223293701674e-06 6.622163948753824469e-02
5.901795959033785266e+02 1.602586271548946361e-06 6.654698784878955442e-02
5.933526044835041375e+02 1.544586830563612842e-06 6.471432356272448227e-02
5.965256130636298622e+02 1.527218564226791978e-06 6.455794349718935177e-02
5.996986216437555868e+02 1.519808152096587135e-06 6.481524805196844929e-02
6.028716302238813114e+02 1.457393846205454331e-06 6.270252217590942256e-02
6.060446388040069223e+02 1.451338003009026704e-06 6.299067422415717543e-02
6.092176473841326469e+02 1.407071256063954762e-06 6.160323937338137851e-02
6.123906559642583716e+02 1.371265761985372378e-06 6.055767948942418488e-02
6.155636645443839825e+02 1.356030601265815201e-06 6.040289920448736749e-02
6.187366731245097071e+02 1.330093128047555644e-06 5.975741642235793405e-02
6.219096817046354317e+02 1.332104922505166411e-06 6.036019435984497916e-02
6.250826902847611564e+02 1.256197494834217287e-06 5.740552732482744752e-02
6.282556988648867673e+02 1.262343140238792956e-06 5.817523579834819186e-02
6.314287074450124919e+02 1.177599212439387605e-06 5.472738680239347397e-02
6.346017160251382165e+02 1.241673281229634938e-06 5.818924730253433042e-02
6.377747246052638275e+02 1.191276245443173191e-06 5.629346590487790264e-02
6.409477331853895521e+02 1.155526942677143651e-06 5.505766250500252618e-02
6.441207417655152767e+02 1.128166841611297906e-06 5.419827593523713488e-02
6.472937503456408876e+02 1.117679263276297873e-06 5.413600661567472688e-02
6.504667589257666123e+02 1.084563940850284936e-06 5.296191422966459866e-02
6.536397675058923369e+02 1.082557189597536687e-06 5.329440607848184852e-02
6.568127760860180615e+02 1.051844177183370866e-06 5.220203021261313192e-02
6.599857846661436724e+02 1.036516034749535094e-06 5.185615685549629233e-02
6.631587932462693971e+02 1.010084212458723380e-06 5.093935842976143880e-02
6.663318018263951217e+02 9.971556495131542741e-07 5.068901548616158020e-02
6.695048104065207326e+02 9.700544929283844500e-07 4.970334694848236451e-02
6.726778189866464572e+02 9.720624735889433925e-07 5.020026655921046299e-02
6.758508275667721819e+02 9.189007653864706656e-07 4.782849292313376410e-02
6.790238361468977928e+02 9.249868150601642873e-07 4.852258267135563241e-02
6.821968447270235174e+02 9.075217882140949264e-07 4.797775303294594257e-02
6.853698533071492420e+02 8.766378936692521933e-07 4.670484147155598564e-02
6.885428618872749666e+02 8.652663299692614322e-07 4.645524679163721277e-02
6.917158704674005776e+02 8.699655931150758337e-07 4.706683300936738423e-02
6.948888790475263022e+02 8.246900686380240637e-07 4.495897141787375678e-02
6.980618876276520268e+02 8.135322718155895876e-07 4.468872845590844689e-02
7.012348962077776378e+02 8.018849361601466032e-07 4.438312955198546461e-02
7.044079047879033624e+02 8.000952352212737495e-07 4.461854311826145975e-02
7.075809133680290870e+02 7.702823238337787829e-07 4.327895652072927951e-02
7.107539219481548116e+02 7.763601441618155244e-07 4.394694329542305627e-02
7.139269305282804225e+02 7.419633930498698399e-07 4.231283127909972464e-02
7.170999391084061472e+02 7.404816137762915599e-07 4.254159369806186780e-02
7.202729476885318718e+02 7.156482792011588734e-07 4.141854173004814316e-02
7.234459562686574827e+02 7.138421478378444904e-07 4.161778949299940744e-02
7.266189648487832073e+02 6.941823658768808422e-07 4.076787974301358114e-02
7.297919734289089320e+02 6.770207677971078590e-07 4.004981015892721680e-02
7.329649820090345429e+02 6.824304866469406500e-07 4.066278598370445807e-02
7.361379905891602675e+02 6.633362100833375854e-07 3.981063370679585600e-02
7.393109991692859921e+02 6.492112117968018555e-07 3.924321899383254042e-02
7.424840077494117168e+02 6.318557347446702644e-07 3.846771927053634771e-02
7.456570163295373277e+02 6.336760940193891792e-07 3.885371091450122438e-02
7.488300249096630523e+02 6.203838410549286679e-07 3.830885982794934863e-02
7.520030334897887769e+02 6.033596217994696907e-07 3.752110013928744436e-02
7.551760420699143879e+02 5.979627963655023071e-07 3.744735692004430572e-02
7.583490506500401125e+02 5.858380300447129214e-07 3.694532345424480363e-02
7.615220592301658371e+02 5.904332598950909930e-07 3.749513839055697295e-02
7.646950678102914480e+02 5.761641560226708172e-07 3.684342974844683621e-02
7.678680763904171727e+02 5.594014878429947050e-07 3.601924770121456287e-02
7.710410849705428973e+02 5.591966455158626365e-07 3.625437514317716298e-02
7.742140935506686219e+02 5.399065266407881203e-07 3.524414928635193761e-02
7.773871021307942328e+02 5.463051466536154032e-07 3.590576438389186248e-02
7.805601107109199575e+02 5.392447024630011393e-07 3.568314652143955018e-02
7.837331192910456821e+02 5.286802076950808512e-07 3.522140840307917686e-02
7.869061278711712930e+02 5.254981220618944486e-07 3.524596296335485990e-02
7.900791364512970176e+02 5.188665165537798719e-07 3.503536408701265342e-02
7.932521450314227422e+02 5.045180309375561736e-07 3.429484023347904170e-02
7.964251536115483532e+02 5.010118808785370156e-07 3.428385408263917578e-02
7.995981621916740778e+02 4.912900532314472870e-07 3.384212434367769168e-02
8.027711707717998024e+02 4.932033732284877222e-07 3.419891420455783981e-02
8.059441793519255270e+02 4.791227383047354527e-07 3.344170313946519951e-02
8.091171879320511380e+02 4.607452364272918284e-07 3.237028814692179818e-02
8.122901965121768626e+02 4.455606984060813773e-07 3.150834283894083515e-02
8.154632050923025872e+02 4.279348441655745495e-07 3.045918412866292432e-02
8.186362136724281982e+02 4.129560286269987794e-07 2.958389810820491461e-02
8.218092222525539228e+02 3.987832580514470220e-07 2.875335997465914423e-02
8.249822308326796474e+02 3.812331521537784928e-07 2.766506218422829996e-02
8.281552394128053720e+02 3.662262994372106001e-07 2.674663298092191249e-02
8.313282479929309829e+02 3.564027284501120752e-07 2.619561404680088509e-02
8.345012565730567076e+02 3.509529313604672525e-07 2.595935310526716749e-02
8.376742651531824322e+02 3.331859676698075713e-07 2.480154056224493156e-02
8.408472737333080431e+02 3.162869694581727194e-07 2.369244243132660049e-02
8.440202823134337677e+02 3.160046978646193786e-07 2.382036128986513707e-02
8.471932908935594924e+02 3.001882819611950963e-07 2.277008132234270565e-02
8.503662994736851033e+02 2.941191033708758289e-07 2.244915339679744853e-02
8.535393080538108279e+02 2.795181429063922627e-07 2.146755312802627394e-02
8.567123166339365525e+02 2.741434326174387382e-07 2.118537703110573434e-02
8.598853252140622772e+02 2.659225601519580386e-07 2.067708971911469060e-02
8.630583337941878881e+02 2.569866025704358561e-07 2.010530814789741189e-02
8.662313423743136127e+02 2.533953216934959965e-07 1.994596633339391564e-02
8.694043509544393373e+02 2.428394299712931729e-07 1.923190124555061373e-02
8.725773595345649483e+02 2.343637626101597637e-07 1.867369935041879661e-02
8.757503681146906729e+02 2.268701444786608717e-07 1.818630883378281535e-02
8.789233766948163975e+02 2.218665592208217532e-07 1.789274094404154011e-02
8.820963852749420084e+02 2.149082553725064353e-07 1.743598563578267063e-02
8.852693938550677331e+02 2.025409423780801854e-07 1.653123282751505288e-02
8.884424024351934577e+02 2.071172997626148780e-07 1.700585630811742716e-02
8.916154110153191823e+02 1.951863407009419198e-07 1.612174444975442850e-02
8.947884195954447932e+02 1.904727548714300326e-07 1.582584062571528241e-02
8.979614281755705179e+02 1.869704597355003174e-07 1.562676685046454281e-02
9.011344367556962425e+02 1.829313500800831645e-07 1.537933122575581117e-02
9.043074453358218534e+02 1.740332607998308162e-07 1.471721953671671287e-02
9.074804539159475780e+02 1.709879606451702880e-07 1.454435049879325773e-02
9.106534624960733026e+02 1.661536737150040938e-07 1.421559974008288450e-02
9.138264710761989136e+02 1.612623064900046722e-07 1.387732494013271117e-02
9.169994796563246382e+02 1.558450664876839357e-07 1.348884840834761734e-02
9.201724882364503628e+02 1.530072146893156477e-07 1.331968589379158886e-02
9.233454968165760874e+02 1.464693924551992170e-07 1.282391426663961539e-02
9.265185053967016984e+02 1.455584122268231921e-07 1.281722887382382228e-02
9.296915139768274230e+02 1.406981599344528633e-07 1.246005221965767323e-02
9.328645225569531476e+02 1.368595024635506548e-07 1.218912652142795094e-02
9.360375311370787585e+02 1.321923540781266501e-07 1.184027458117419170e-02
9.392105397172044832e+02 1.291510895632981335e-07 1.163330202958888851e-02
9.423835482973302078e+02 1.273360532070654657e-07 1.153446735938074008e-02
9.455565568774559324e+02 1.205784727328579892e-07 1.098370760128735205e-02
9.487295654575815433e+02 1.203300477056087575e-07 1.102245023919411898e-02
9.519025740377072680e+02 1.135161502919106323e-07 1.045631094617553887e-02
9.550755826178329926e+02 1.159146160443638397e-07 1.073662466424612182e-02
9.582485911979586035e+02 1.089513613259340627e-07 1.014759151774021449e-02
9.614215997780843281e+02 1.059328585679095589e-07 9.920962697849481510e-03
9.645946083582100528e+02 1.055337930525810665e-07 9.938013853167153994e-03
9.677676169383356637e+02 1.023252767150713617e-07 9.688757159244880401e-03
9.709406255184613883e+02 9.818222683112515025e-08 9.347324780308315095e-03
9.741136340985871129e+02 9.372258395085050092e-08 8.971401438799571706e-03
9.772866426787128376e+02 9.622905018959140147e-08 9.261389245692065730e-03
9.804596512588384485e+02 8.986152150591066101e-08 8.695408260312545781e-03
9.836326598389641731e+02 8.829513572841617141e-08 8.589970631598440806e-03
9.868056684190898977e+02 8.579113617677299088e-08 8.391285135038688628e-03
9.899786769992155087e+02 8.340314693332712471e-08 8.201478896351784356e-03
9.931516855793412333e+02 8.178542260473887786e-08 8.085406801939401880e-03
9.963246941594669579e+02 7.858588345951185224e-08 7.810509484438625701e-03
9.994977027395925688e+02 7.857726538235814800e-08 7.851149448844402592e-03
1.002670711319718293e+03 7.567525084721842228e-08 7.601239521162480445e-03
1.005843719899844018e+03 7.106088015190783338e-08 7.175432722311736282e-03
1.009016728479969743e+03 7.209404476730749082e-08 7.318071852932570703e-03
1.012189737060095354e+03 6.980738341883608455e-08 7.123136098077864804e-03
1.015362745640221078e+03 6.757781668274315705e-08 6.931696370882944359e-03
1.018535754220346803e+03 6.437227313087777381e-08 6.637318273114422261e-03
1.021708762800472414e+03 6.389017338102845785e-08 6.621848854634665611e-03
1.024881771380598138e+03 6.126016545299873612e-08 6.382161357859842364e-03
1.028054779960723863e+03 5.954266231908293341e-08 6.235271143898848262e-03
1.031227788540849588e+03 5.803324276439718581e-08 6.108499149061229379e-03
1.034400797120975312e+03 5.687253485987950501e-08 6.017055210972193161e-03
1.037573805701100810e+03 5.447116413093224651e-08 5.792485946503880476e-03
1.040746814281226534e+03 5.286591243581665938e-08 5.650465348215264264e-03
1.043919822861352259e+03 5.253618766449960180e-08 5.643785013710917939e-03
1.047092831441477983e+03 5.025384463665196396e-08 5.425976852364599798e-03
1.050265840021603708e+03 4.850495287523354718e-08 5.263623542781975875e-03
1.053438848601729433e+03 4.754950981417413505e-08 5.185949234697252545e-03
1.056611857181855157e+03 4.545671102740608042e-08 4.982612840758183538e-03
1.059784865761980654e+03 4.449536686696143544e-08 4.901672760582376741e-03
1.062957874342106379e+03 4.232488778227837415e-08 4.685859232382730798e-03
1.066130882922232104e+03 4.288530258828243444e-08 4.771548601925750151e-03
1.069303891502357828e+03 3.994661750717436489e-08 4.466650002950949341e-03
1.072476900082483553e+03 3.828837870408644271e-08 4.302427440208802731e-03
1.075649908662609278e+03 3.762361573608804868e-08 4.248596020176438962e-03
1.078822917242735002e+03 3.717484376380360891e-08 4.218578074816671693e-03
1.081995925822860499e+03 3.437025018205622879e-08 3.919452472235348400e-03
1.085168934402986224e+03 3.284492324422179285e-08 3.763834385211523026e-03
1.088341942983111949e+03 3.328299013977475423e-08 3.832639288048042114e-03
1.091514951563237673e+03 3.213226241581614700e-08 3.718126146248667673e-03
1.094687960143363398e+03 2.955714810992864935e-08 3.436738043459885376e-03
1.097860968723489123e+03 2.922579798129371568e-08 3.414642856398137152e-03
1.101033977303614620e+03 2.805610594797989897e-08 3.293785108087641730e-03
1.104206985883740344e+03 2.705181185990437284e-08 3.191149684170484484e-03
1.107379994463866069e+03 2.443200088981159849e-08 2.895921762479842804e-03
1.110553003043991794e+03 2.487584654558187988e-08 2.962625026063044065e-03
1.113726011624117518e+03 2.330151447912399444e-08 2.788355140348400176e-03
1.116899020204243243e+03 2.183914278282478612e-08 2.625782629308742386e-03
1.120072028784368968e+03 2.157149762635334717e-08 2.605894828398603712e-03
1.123245037364494465e+03 1.996447523555851450e-08 2.423159937522841294e-03
1.126418045944620189e+03 1.891867774606572507e-08 2.307048788376797350e-03
1.129591054524745914e+03 1.745290385746705945e-08 2.138305585504424958e-03
1.132764063104871639e+03 1.682234618159068307e-08 2.070708678119592260e-03
1.135937071684997363e+03 1.560086091213121798e-08 1.929326310279306025e-03
1.139110080265123088e+03 1.521339577550438197e-08 1.890176337105136046e-03
1.142283088845248813e+03 1.361946300246048984e-08 1.700002511536640457e-03
1.145456097425374310e+03 1.333156706289152051e-08 1.671778038041375238e-03
1.148629106005500034e+03 1.205231875228788812e-08 1.518344442320171623e-03
1.151802114585625759e+03 1.221076492283410785e-08 1.545394360125321989e-03
1.154975123165751484e+03 1.089090305223899039e-08 1.384686981116409242e-03
1.158148131745877208e+03 1.094904371707299296e-08 1.398458902687172833e-03
1.161321140326002933e+03 9.746318889062912854e-09 1.250531118771546022e-03
1.164494148906128657e+03 9.902178310892584483e-09 1.276320055891013230e-03
1.167667157486254155e+03 8.955078950366299700e-09 1.159492278830060634e-03
1.170840166066379879e+03 9.000738492234228251e-09 1.170687096732784876e-03
1.174013174646505604e+03 8.287232731402123347e-09 1.082757381000431672e-03
1.177186183226631329e+03 8.130241022438622159e-09 1.067035038446867250e-03
1.180359191806757053e+03 7.618187788686673360e-09 1.004327415071255966e-03
1.183532200386882778e+03 7.276292527073323536e-09 9.635559725956014407e-04
1.186705208967008275e+03 6.901145379831547556e-09 9.179645801093952624e-04
1.189878217547134000e+03 6.597249651986229844e-09 8.814556026836319058e-04
1.193051226127259724e+03 6.472486963728312663e-09 8.686330244621734463e-04
1.196224234707385449e+03 5.944025486515994842e-09 8.012505193801006554e-04
1.199397243287511174e+03 5.698834912445956952e-09 7.715981068655072958e-04
1.202570251867636898e+03 5.339676420664992918e-09 7.261600751790032136e-04
1.205743260447762623e+03 5.173288820641881553e-09 7.066290114178628168e-04
1.208916269027888120e+03 4.862396251630198995e-09 6.670791778941435358e-04
1.212089277608013845e+03 4.600930242693257461e-09 6.339718838762662236e-04
1.215262286188139569e+03 4.444830782865409482e-09 6.151371165122298526e-04
1.218435294768265294e+03 4.284311222232113093e-09 5.955046123041051603e-04
1.221608303348391019e+03 4.135405466098793074e-09 5.773042093218538505e-04
1.224781311928516743e+03 3.790375261024052776e-09 5.314304814255899848e-04
1.227954320508642468e+03 3.503522536579602023e-09 4.933350076501327166e-04
1.231127329088767965e+03 3.487581758612835948e-09 4.932071352450359374e-04
1.234300337668893690e+03 3.226889569007998023e-09 4.583024541616619496e-04
1.237473346249019414e+03 3.087306682757007311e-09 4.403583091592798968e-04
1.240646354829145139e+03 3.024873479193933495e-09 4.332985350007963611e-04
1.243819363409270863e+03 2.870665069767686463e-09 4.129632267808243948e-04
1.246992371989396588e+03 2.675915129874065492e-09 3.865852946597707579e-04
1.250165380569522313e+03 2.622239640902454341e-09 3.804388196720849048e-04
1.253338389149647810e+03 2.406649896944191875e-09 3.506389470637006418e-04
1.256511397729773535e+03 2.274675868782816812e-09 3.328104142485713789e-04
1.259684406309899259e+03 2.079123907816570330e-09 3.054803605073019173e-04
1.262857414890024984e+03 1.937267161560879926e-09 2.858336670829445870e-04
1.266030423470150708e+03 2.009754992668797859e-09 2.977716539265663309e-04
1.269203432050276433e+03 1.783745256593790744e-09 2.653902076399122139e-04
1.272376440630401930e+03 1.687331933478074982e-09 2.520924801375347499e-04
1.275549449210527655e+03 1.629981071370123769e-09 2.445370828017642720e-04
1.278722457790653380e+03 1.446337491711299973e-09 2.178864042073463123e-04
1.281895466370779104e+03 1.358404913606467287e-09 2.054866426514223435e-04
1.285068474950904829e+03 1.233945157244641539e-09 1.874302311167142941e-04
1.288241483531030553e+03 1.159166871548227081e-09 1.767969468467423747e-04
1.291414492111156278e+03 1.222528682838486846e-09 1.872270021313094670e-04
1.294587500691281775e+03 1.089434561574018285e-09 1.675277792287847389e-04
1.297760509271407500e+03 1.034222456088409677e-09 1.596877325201035390e-04
1.300933517851533225e+03 9.541591804680593312e-10 1.479265079808423874e-04
1.304106526431658949e+03 8.212424810969278642e-10 1.278379664655253422e-04
1.307279535011784674e+03 6.961122196162767585e-10 1.087994487610110579e-04
1.310452543591910398e+03 6.731109496181877579e-10 1.056303743502955844e-04
1.313625552172036123e+03 5.404838042458745026e-10 8.515993685060011073e-05
1.316798560752161620e+03 6.510944929006438725e-10 1.030013524766602574e-04
1.319971569332287345e+03 6.110678483986305264e-10 9.705778940413909155e-05
1.323144577912413069e+03 5.567436960500000138e-10 8.878388481127968490e-05
1.326317586492538794e+03 4.615954577593377876e-10 7.390504294029303614e-05
1.329490595072664519e+03 4.449615323097218698e-10 7.152610614191294612e-05
1.332663603652790243e+03 3.314842263806357138e-10 5.349712324139408603e-05
1.335836612232915968e+03 2.602828076492668098e-10 4.217298939057108733e-05
1.339009620813041465e+03 1.860642922195759702e-10 3.026698751752006933e-05
1.342182629393167190e+03 2.987422400034248326e-10 4.878833413359648412e-05
1.345355637973292914e+03 2.631984679807348608e-10 4.315308633168254412e-05
1.348528646553418639e+03 2.330107369625821852e-10 3.835390259826785213e-05
1.351701655133544364e+03 1.915349924163972882e-10 3.165066734780361518e-05
1.354874663713670088e+03 1.582813504719593359e-10 2.625799832107754178e-05
1.358047672293795586e+03 1.456938604416766247e-10 2.426421674517449195e-05
1.361220680873921310e+03 1.048003689322679722e-10 1.752173237223090161e-05
1.364393689454047035e+03 2.780603402164334259e-12 4.667008084811300496e-07
1.367566698034172759e+03 8.164100551376532333e-11 1.375590620884658608e-05
1.370739706614298484e+03 5.995212039482515146e-11 1.014058173855058029e-05
1.373912715194424209e+03 3.881328270411637822e-11 6.590407673148779458e-06
1.377085723774549933e+03 2.844847484561934783e-11 4.849094133651195201e-06
1.380258732354675431e+03 2.101203984254097003e-11 3.595304856169080852e-06
1.383431740934801155e+03 1.284230727973352094e-11 2.205832934384903579e-06
1.386604749514926880e+03 2.510723747746068715e-12 4.328991530445963540e-07
1.389777758095052604e+03 0.000000000000000000e+00 0.000000000000000000e+00
