3.141592653589793116e+00 4.268047838619165070e-03 2.876155746173770372e-02
9.830363506258681383e+00 1.955304096788990607e-03 8.820575857246966411e-02
1.695090083441775519e+01 9.465685825247858488e-04 1.058782426622949246e-01
2.453107557182502063e+01 4.936666819129642732e-04 1.022417170726434843e-01
3.260055774733418588e+01 2.944282829043532172e-04 9.795378978323363017e-02
4.119093261818217400e+01 2.132658408617095242e-04 1.047749207860014103e-01
5.033582429979003336e+01 1.797821626969378932e-04 1.233697189918457615e-01
6.007102737598421527e+01 1.296171970028519682e-04 1.194275138358463217e-01
7.043464700478199347e+01 1.085178014345900428e-04 1.303601616704793131e-01
8.146724806813757880e+01 9.363239713581034899e-05 1.433500622621155518e-01
9.321201394944527863e+01 8.136822190744419977e-05 1.559222087338051899e-01
1.057149155602803603e+02 6.754303323310845836e-05 1.596397376860496098e-01
1.190248912779757262e+02 5.948609528796556666e-05 1.713214671237204001e-01
1.331940384983390686e+02 5.210130893308230330e-05 1.809908470883097309e-01
1.482778175532788225e+02 4.500513782816585926e-05 1.869486807117185512e-01
1.643352687915055128e+02 3.852672158392216815e-05 1.899532318256954011e-01
1.814292436719972557e+02 3.321604163047845137e-05 1.931345741548777528e-01
1.996266507747668300e+02 2.866193097640347705e-05 1.954352865605124001e-01
2.189987176918560863e+02 2.391712591453114289e-05 1.903026969550323244e-01
2.396212698236412848e+02 1.986225010131862978e-05 1.836132657109236510e-01
2.615750271717033684e+02 1.644652818419827068e-05 1.759548999464514984e-01
2.849459202899581669e+02 1.108919973393566927e-05 1.368267290026399796e-01
3.587256600401035485e+02 5.495908359444083823e-06 9.953524462122230465e-02
4.516088492871218136e+02 2.290040397060667036e-06 6.087615522483299374e-02
5.685418565586799104e+02 7.867552765976216624e-07 3.069802272318465988e-02
7.157517908903564603e+02 2.380323293152944878e-07 1.363243237765592378e-02
9.010781180890546693e+02 7.996416095063715878e-08 6.722014684667113049e-03
1.134390140873976407e+03 3.107431264815495587e-08 3.834177990897638059e-03
1.428112575235014219e+03 1.076064371466068294e-08 1.948837634055654473e-03
1.797887211866169082e+03 1.872210923931898046e-09 4.976899226982804637e-04
