3.141592653589793116e+00 8.536095677238330140e-03 5.752311492347540745e-02
9.830363506258681383e+00 3.910608193577981215e-03 1.764115171449393282e-01
1.695090083441775519e+01 1.893137165049571698e-03 2.117564853245898493e-01
2.453107557182502063e+01 9.873333638259285464e-04 2.044834341452869686e-01
3.260055774733418588e+01 5.888565658087064345e-04 1.959075795664672603e-01
4.119093261818217400e+01 4.265316817234190484e-04 2.095498415720028207e-01
5.033582429979003336e+01 3.595643253938757863e-04 2.467394379836915230e-01
6.007102737598421527e+01 2.592343940057039364e-04 2.388550276716926435e-01
7.043464700478199347e+01 2.170356028691800855e-04 2.607203233409586263e-01
8.146724806813757880e+01 1.872647942716206980e-04 2.867001245242311036e-01
9.321201394944527863e+01 1.627364438148883995e-04 3.118444174676103797e-01
1.057149155602803603e+02 1.350860664662169167e-04 3.192794753720992196e-01
1.190248912779757262e+02 1.189721905759311333e-04 3.426429342474408002e-01
1.331940384983390686e+02 1.042026178661646066e-04 3.619816941766194618e-01
1.482778175532788225e+02 9.001027565633171852e-05 3.738973614234371023e-01
1.643352687915055128e+02 7.705344316784433630e-05 3.799064636513908022e-01
1.814292436719972557e+02 6.643208326095690274e-05 3.862691483097555056e-01
1.996266507747668300e+02 5.732386195280695409e-05 3.908705731210248002e-01
2.189987176918560863e+02 4.783425182906228578e-05 3.806053939100646488e-01
2.396212698236412848e+02 3.972450020263725956e-05 3.672265314218473020e-01
2.615750271717033684e+02 3.289305636839654135e-05 3.519097998929029969e-01
2.849459202899581669e+02 2.217839946787133855e-05 2.736534580052799592e-01
3.587256600401035485e+02 1.099181671888816765e-05 1.990704892424446093e-01
4.516088492871218136e+02 4.580080794121334071e-06 1.217523104496659875e-01
5.685418565586799104e+02 1.573510553195243325e-06 6.139604544636931976e-02
7.157517908903564603e+02 4.760646586305889756e-07 2.726486475531184756e-02
9.010781180890546693e+02 1.599283219012743176e-07 1.344402936933422610e-02
1.134390140873976407e+03 6.214862529630991174e-08 7.668355981795276118e-03
1.428112575235014219e+03 2.152128742932136589e-08 3.897675268111308947e-03
1.797887211866169082e+03 3.744421847863796091e-09 9.953798453965609274e-04
