6.283185307179586232e+00 3.234102838310067285e-01 9.399041868320802351e+00
1.256637061435917246e+01 1.183836797312856348e-01 1.226054904936300538e+01
1.884955592153875870e+01 4.347274914416451863e-02 9.468237955994220911e+00
2.513274122871834493e+01 3.276408062865878573e-02 1.209217421206582621e+01
3.141592653589793116e+01 2.012921694432602202e-02 1.118411559507001485e+01
3.769911184307751739e+01 1.265209462542694549e-02 9.819803914468735684e+00
4.398229715025710362e+01 1.010213161433127886e-02 1.040133748153951743e+01
5.026548245743668986e+01 8.124742210634106412e-03 1.068573316076381907e+01
5.654866776461627609e+01 7.467491156022527943e-03 1.218846673059704955e+01
6.283185307179586232e+01 5.588479498009669456e-03 1.106513594528965960e+01
6.911503837897544145e+01 4.624180496981262871e-03 1.090396525911500625e+01
7.539822368615503478e+01 4.180481845253910048e-03 1.156258801121481916e+01
8.168140899333462812e+01 3.772243271792056953e-03 1.208255916631109272e+01
8.796459430051420725e+01 3.306361831471803583e-03 1.213151025179554665e+01
9.424777960769378637e+01 2.777873414239478370e-03 1.156670124222093321e+01
1.005309649148733797e+02 2.733106883314560722e-03 1.280972115796298461e+01
1.068141502220529730e+02 2.460781939990888071e-03 1.288919849647522931e+01
1.130973355292325522e+02 2.228934933099914733e-03 1.296462846506354616e+01
1.193805208364121313e+02 1.912820119756103660e-03 1.228529223321142183e+01
1.256637061435917246e+02 1.829438415777281599e-03 1.290830480313138295e+01
1.319468914507713180e+02 1.773504214954773565e-03 1.368455535367697884e+01
1.382300767579508829e+02 1.538217719985120495e-03 1.292575193444375437e+01
1.445132620651304762e+02 1.454910673118871636e-03 1.326377423898787633e+01
1.507964473723100696e+02 1.352209857478654971e-03 1.332788180674126721e+01
1.570796326794896629e+02 1.277505754968494582e-03 1.357008724361799246e+01
1.633628179866692562e+02 1.202424997101620135e-03 1.372478530139432173e+01
1.696460032938488212e+02 1.096170256837408589e-03 1.340832948769294930e+01
1.759291886010284145e+02 1.051690675317457427e-03 1.375120762642468719e+01
1.822123739082080078e+02 9.775205276692355144e-04 1.363071511487041576e+01
1.884955592153875727e+02 9.097665341345902938e-04 1.349942746032698970e+01
1.947787445225671661e+02 8.752175274521594968e-04 1.379141637653039609e+01
2.010619298297467594e+02 8.004156887494453480e-04 1.336863229389932783e+01
2.073451151369263528e+02 7.790306893103495769e-04 1.376659539288564993e+01
2.136283004441059461e+02 7.463718570260446548e-04 1.393145132617940440e+01
2.199114857512855110e+02 6.803351285215006360e-04 1.339195771166235360e+01
2.261946710584651044e+02 6.569881305673728371e-04 1.361784960512105513e+01
2.324778563656446977e+02 6.157885857673652029e-04 1.342140208469354867e+01
2.387610416728242626e+02 5.890777267640345035e-04 1.348255771348597776e+01
2.450442269800038559e+02 5.459407600276937420e-04 1.310469924356082849e+01
2.513274122871834493e+02 5.321279549873835207e-04 1.337999088747379162e+01
2.576105975943630142e+02 5.075876117635463869e-04 1.335399399971518264e+01
2.638937829015426360e+02 4.734690868114873772e-04 1.301902376820692808e+01
2.701769682087222009e+02 4.566630592301648825e-04 1.311045635055424263e+01
2.764601535159017658e+02 4.224707868058757000e-04 1.265094640148396898e+01
2.827433388230813875e+02 4.187662440804446528e-04 1.306745562695239293e+01
2.890265241302609525e+02 3.832096109207902709e-04 1.244960319467805654e+01
2.953097094374405742e+02 3.690137072544761340e-04 1.247053245057687754e+01
3.015928947446201391e+02 3.571422907678871070e-04 1.254430602873429201e+01
3.078760800517997041e+02 3.416806321744521855e-04 1.246358368342701972e+01
3.141592653589793258e+02 3.268340128705491581e-04 1.237186995079228780e+01
3.204424506661588907e+02 3.040248517885404868e-04 1.193394870837776622e+01
3.267256359733385125e+02 2.978993005426417329e-04 1.211728638091205568e+01
3.330088212805180774e+02 2.811854847309075791e-04 1.184390960663171555e+01
3.392920065876976423e+02 2.665129387187959993e-04 1.161724860169262641e+01
3.455751918948772641e+02 2.546614956885161055e-04 1.148042524114104879e+01
3.518583772020568290e+02 2.459147026445214143e-04 1.145844373188635856e+01
3.581415625092363939e+02 2.381273602125036565e-04 1.146153957503861598e+01
3.644247478164160157e+02 2.227341504478933865e-04 1.106796787726725029e+01
3.707079331235955806e+02 2.138897844418559933e-04 1.096684796421378216e+01
3.769911184307751455e+02 2.078903852019184481e-04 1.099279481206792397e+01
3.832743037379547673e+02 1.967956935391462672e-04 1.072630265086154289e+01
3.895574890451343322e+02 1.890103759712654405e-04 1.061370066997689854e+01
3.958406743523139539e+02 1.773026954470752301e-04 1.025264934172000508e+01
4.021238596594935188e+02 1.741626017946361544e-04 1.036608140208238105e+01
4.084070449666730838e+02 1.691158070698864900e-04 1.035591431364059822e+01
4.146902302738527055e+02 1.581445197947651008e-04 9.958970684968697640e+00
4.209734155810322704e+02 1.543348113642519382e-04 9.990735446803652664e+00
4.272566008882118922e+02 1.449696972490133282e-04 9.642877815975024802e+00
4.335397861953914571e+02 1.422538624661762304e-04 9.718901012421337526e+00
4.398229715025710220e+02 1.336460937021235215e-04 9.374881094753966693e+00
4.461061568097506438e+02 1.277735159877563449e-04 9.199076776944899336e+00
4.523893421169302087e+02 1.256405889769720619e-04 9.280455637449753326e+00
4.586725274241097736e+02 1.187473805296137126e-04 8.995922536688844673e+00
4.649557127312893954e+02 1.160635142120391088e-04 9.014679572739037638e+00
4.712388980384689603e+02 1.092283933653694712e-04 8.695160854466257305e+00
4.775220833456485252e+02 1.061134129093877171e-04 8.654825063434191890e+00
4.838052686528281470e+02 1.023984866518786032e-04 8.554401429414022928e+00
4.900884539600077119e+02 9.687390864200169313e-05 8.286605930719634472e+00
4.963716392671873336e+02 9.410632041867906703e-05 8.240082351787544113e+00
5.026548245743668986e+02 9.004352442580687620e-05 8.068272424051208702e+00
5.089380098815464635e+02 8.777734335573454747e-05 8.046395815209120173e+00
5.152211951887260284e+02 8.371257661866542750e-05 7.848365092242601371e+00
5.215043804959057070e+02 8.052803831528257254e-05 7.719456324335677522e+00
5.277875658030852719e+02 7.692738160983755152e-05 7.537998851988247928e+00
5.340707511102648368e+02 7.501292710758344548e-05 7.511625052114813350e+00
5.403539364174444017e+02 7.177422996660640716e-05 7.343089041487079527e+00
5.466371217246239667e+02 6.857044917346911939e-05 7.165591556528608130e+00
5.529203070318035316e+02 6.636551955017471166e-05 7.082020120213186942e+00
5.592034923389832102e+02 6.409692523013249012e-05 6.983105994914108550e+00
5.654866776461627751e+02 6.215536187388422834e-05 6.911722478888960630e+00
5.717698629533423400e+02 5.920989143183070418e-05 6.718926795050735201e+00
5.780530482605219049e+02 5.742863865188705769e-05 6.648688154191226829e+00
5.843362335677014698e+02 5.513800279064990615e-05 6.511277360745171272e+00
5.906194188748811484e+02 5.310472475122158007e-05 6.395345119147485491e+00
5.969026041820607134e+02 5.084070156972444885e-05 6.242634429543745256e+00
6.031857894892402783e+02 4.974156667622824378e-05 6.226057764977369402e+00
6.094689747964198432e+02 4.800055066711814741e-05 6.123374544876051928e+00
6.157521601035994081e+02 4.686485786886285812e-05 6.091976251797167841e+00
6.220353454107790867e+02 4.401707368790483350e-05 5.829287145449570495e+00
6.283185307179586516e+02 4.291755285141462758e-05 5.789370928328714250e+00
6.346017160251382165e+02 4.142600717795478355e-05 5.691045004677443231e+00
6.408849013323177815e+02 4.003610311849933602e-05 5.600350470525492064e+00
6.471680866394973464e+02 3.872105887822587347e-05 5.514149828636500494e+00
6.534512719466770250e+02 3.677210979985205111e-05 5.330190884904177473e+00
6.597344572538565899e+02 3.664786729777820865e-05 5.406200891433329936e+00
6.660176425610361548e+02 3.456383114702782394e-05 5.188148357882510275e+00
6.723008278682157197e+02 3.361455964722879445e-05 5.133270033705644941e+00
6.785840131753952846e+02 3.248891937313176084e-05 5.046712640373550052e+00
6.848671984825748495e+02 3.184568945129910919e-05 5.031092790141568294e+00
6.911503837897545282e+02 3.042951735856367021e-05 4.888527682908112126e+00
6.974335690969340931e+02 2.917154673274085974e-05 4.764836577613476898e+00
7.037167544041136580e+02 2.864915545227312730e-05 4.757089154932678809e+00
7.099999397112932229e+02 2.768283226333973065e-05 4.672156980592787612e+00
7.162831250184727878e+02 2.687600482526755725e-05 4.609848963954375378e+00
7.225663103256524664e+02 2.575559245140574422e-05 4.488976621768937747e+00
7.288494956328320313e+02 2.523280103201682502e-05 4.468223298329420778e+00
7.351326809400115962e+02 2.448009467200990582e-05 4.403691952496164852e+00
7.414158662471911612e+02 2.343672320935470460e-05 4.282299087817898808e+00
7.476990515543707261e+02 2.272622950857689983e-05 4.217223094115707838e+00
7.539822368615502910e+02 2.230183961645478067e-05 4.202451706524633401e+00
7.602654221687299696e+02 2.159510557326432248e-05 4.131663426386358751e+00
7.665486074759095345e+02 2.093285170282442931e-05 4.065848370731546702e+00
7.728317927830890994e+02 2.029327347788086809e-05 4.001055457425399808e+00
7.791149780902686643e+02 1.959856702255776683e-05 3.921875774281665894e+00
7.853981633974482293e+02 1.931920781725296842e-05 3.923323293270471357e+00
7.916813487046279079e+02 1.847765500253033936e-05 3.807640569540199138e+00
7.979645340118074728e+02 1.799982520922725670e-05 3.763323348159524961e+00
8.042477193189870377e+02 1.750427215683878334e-05 3.712719110397770805e+00
8.105309046261666026e+02 1.718150812007570227e-05 3.696625961410567207e+00
8.168140899333461675e+02 1.659370051177309194e-05 3.621060814967896668e+00
8.230972752405258461e+02 1.604280992975660357e-05 3.550375098318832467e+00
8.293804605477054110e+02 1.590102419245080658e-05 3.568401644705372355e+00
8.356636458548849760e+02 1.525238090425472911e-05 3.470526857603319026e+00
8.419468311620645409e+02 1.498248405743246474e-05 3.456254493167312258e+00
8.482300164692441058e+02 1.442669851186252653e-05 3.373716798499557967e+00
8.545132017764237844e+02 1.419652173939427999e-05 3.365113440138857825e+00
8.607963870836033493e+02 1.394417356731735760e-05 3.349990522516269831e+00
8.670795723907829142e+02 1.342568439820475115e-05 3.268720983067634478e+00
8.733627576979624791e+02 1.306387523325893016e-05 3.223014429051679564e+00
8.796459430051420441e+02 1.286137441187655781e-05 3.215031300097597633e+00
8.859291283123216090e+02 1.249616408480190689e-05 3.164765369989244626e+00
8.922123136195012876e+02 1.227249419124503691e-05 3.148651238923957596e+00
8.984954989266808525e+02 1.180162171059292559e-05 3.067049959568012074e+00
9.047786842338604174e+02 1.164421726902956918e-05 3.065052806242723360e+00
9.110618695410399823e+02 1.141654534824891551e-05 3.043494132619486869e+00
9.173450548482195472e+02 1.115408383173313239e-05 3.011229791835464020e+00
9.236282401553992258e+02 1.086992636165591956e-05 2.971470850845625566e+00
9.299114254625787908e+02 1.065101864669193470e-05 2.948044593312874273e+00
9.361946107697583557e+02 1.044456998584712081e-05 2.926814166062985834e+00
9.424777960769379206e+02 1.019110651861273671e-05 2.891024293977375592e+00
9.487609813841174855e+02 9.914837765296422581e-06 2.847124385120253898e+00
9.550441666912970504e+02 9.730570661077037476e-06 2.828229496127895093e+00
9.613273519984767290e+02 9.561417792377319093e-06 2.812675804137881652e+00
9.676105373056562939e+02 9.391476290728233996e-06 2.795878406920901948e+00
9.738937226128358589e+02 9.108445876047221114e-06 2.743987660101032677e+00
9.801769079200154238e+02 8.975301561993405652e-06 2.735944217218658103e+00
9.864600932271949887e+02 8.818603928868080447e-06 2.719854210270808981e+00
9.927432785343746673e+02 8.597540307769880157e-06 2.682719742694343434e+00
9.990264638415542322e+02 8.393066578842518945e-06 2.649385498074687373e+00
1.005309649148733797e+03 8.306952211472126650e-06 2.652516569990417850e+00
1.011592834455913362e+03 8.197075367218318453e-06 2.647500959844935942e+00
1.017876019763092927e+03 7.932217593015657216e-06 2.591205783789575889e+00
1.024159205070272492e+03 7.860394743544464564e-06 2.596877059864444615e+00
1.030442390377452057e+03 7.633761968328590098e-06 2.550441857223918696e+00
1.036725575684631622e+03 7.597296969025084456e-06 2.566705802997641062e+00
1.043008760991811414e+03 7.351259032968501568e-06 2.511248244261315765e+00
1.049291946298990979e+03 7.287713190803031603e-06 2.517104397152189588e+00
1.055575131606170544e+03 7.135881991610925207e-06 2.491788064058583885e+00
1.061858316913350109e+03 7.000446055488095766e-06 2.471237186305902167e+00
1.068141502220529674e+03 6.945334260330944663e-06 2.478444890137228018e+00
1.074424687527709239e+03 6.733198896292242870e-06 2.428719750853781889e+00
1.080707872834888803e+03 6.638760235284302938e-06 2.420391181724726337e+00
1.086991058142068368e+03 6.537513206388874020e-06 2.408944865573578120e+00
1.093274243449247933e+03 6.450768947210944494e-06 2.402231553580759904e+00
1.099557428756427498e+03 6.257531051837685831e-06 2.354882241549891564e+00
1.105840614063607063e+03 6.203828317177621878e-06 2.359189104085819721e+00
1.112123799370786855e+03 6.097288509753463524e-06 2.342884211188132948e+00
1.118406984677966420e+03 6.009333113501747114e-06 2.333060719123813520e+00
1.124690169985145985e+03 5.898577400593868266e-06 2.313702937762104117e+00
1.130973355292325550e+03 5.803578074208013173e-06 2.299809424156737503e+00
1.137256540599505115e+03 5.713141867646761245e-06 2.287084204146208055e+00
1.143539725906684680e+03 5.590228172897492801e-06 2.260598861493038125e+00
1.149822911213864245e+03 5.532142657131604344e-06 2.259696574248833301e+00
1.156106096521043810e+03 5.415566581286533543e-06 2.234290644920559732e+00
1.162389281828223375e+03 5.345022147009979365e-06 2.227207958335932325e+00
1.168672467135402940e+03 5.256699550122558319e-06 2.212160559701755513e+00
1.174955652442582732e+03 5.170080552213423108e-06 2.197202141460615099e+00
1.181238837749762297e+03 5.096746845992024915e-06 2.187319434998635348e+00
1.187522023056941862e+03 5.009853720204959876e-06 2.171041432351349609e+00
1.193805208364121427e+03 4.896640156450160982e-06 2.142608796403586258e+00
1.200088393671300992e+03 4.866283681855653931e-06 2.149916971124175014e+00
1.206371578978480557e+03 4.776261261102390497e-06 2.130443818144098334e+00
1.212654764285660121e+03 4.696891499491339730e-06 2.115089193755129049e+00
1.218937949592839686e+03 4.644962171590083482e-06 2.111616814953438670e+00
1.225221134900019251e+03 4.547011385266475664e-06 2.086664308991044159e+00
1.231504320207198816e+03 4.504297454299888299e-06 2.086537937576148138e+00
1.237787505514378381e+03 4.407653565670021875e-06 2.060908097551287899e+00
1.244070690821558173e+03 4.350884635310710729e-06 2.053336728275612977e+00
1.250353876128737738e+03 4.271175447263236931e-06 2.034422467500603293e+00
1.256637061435917303e+03 4.208864483635528469e-06 2.023250672109165205e+00
1.262920246743096868e+03 4.156746305528012485e-06 2.016551804643002654e+00
1.269203432050276433e+03 4.098261839877894976e-06 2.006351271610519404e+00
1.275486617357455998e+03 4.006896305465940287e-06 1.979462437571914091e+00
1.281769802664635563e+03 3.966995538417804931e-06 1.977486122016385517e+00
1.288052987971815128e+03 3.922007730421821326e-06 1.972666257094410902e+00
1.294336173278994693e+03 3.821633441647384361e-06 1.939405805460725940e+00
1.300619358586174258e+03 3.788147654544477923e-06 1.939555853861973489e+00
1.306902543893354050e+03 3.734571099407137906e-06 1.929093472248840424e+00
1.313185729200533615e+03 3.691311406107007580e-06 1.923587595687410667e+00
1.319468914507713180e+03 3.616352514056537882e-06 1.901089472673049841e+00
1.325752099814892745e+03 3.561176870143973629e-06 1.888460059384452938e+00
1.332035285122072310e+03 3.510505648407538728e-06 1.877796447806951985e+00
1.338318470429251875e+03 3.467469711085057537e-06 1.870847441842115044e+00
1.344601655736431439e+03 3.416640563651614722e-06 1.859320691959885696e+00
1.350884841043611004e+03 3.347445127389870875e-06 1.837301382340301492e+00
1.357168026350790569e+03 3.307544768057174586e-06 1.830911560708869512e+00
1.363451211657970134e+03 3.277975064048019532e-06 1.829973986710926370e+00
1.369734396965149699e+03 3.206032086861708659e-06 1.804961162167611155e+00
1.376017582272329491e+03 3.175801670285942301e-06 1.803006705874508953e+00
1.382300767579509056e+03 3.120959861178648819e-06 1.786732443424912775e+00
1.388583952886688621e+03 3.092470106883220118e-06 1.785203668660658050e+00
1.394867138193868186e+03 3.020616785242040660e-06 1.758217141668941164e+00
1.401150323501047751e+03 2.988039636512999804e-06 1.753645055425003374e+00
1.407433508808227316e+03 2.938489104944977672e-06 1.738768953583978982e+00
1.413716694115406881e+03 2.919964144711743098e-06 1.741974903292135668e+00
1.419999879422586446e+03 2.870024798384943448e-06 1.726159328793463121e+00
1.426283064729766011e+03 2.819199758413013915e-06 1.709371057513704439e+00
1.432566250036945576e+03 2.785382034664867809e-06 1.702531208736683510e+00
1.438849435344125141e+03 2.754035234721851992e-06 1.696931462311377592e+00
1.445132620651304933e+03 2.708889984416247767e-06 1.682501624305768217e+00
1.451415805958484498e+03 2.660995551180842037e-06 1.665952202255637449e+00
1.457698991265664063e+03 2.647380547996669475e-06 1.670606260057979631e+00
1.463982176572843628e+03 2.605301216517043343e-06 1.657067588542303627e+00
1.470265361880023192e+03 2.579229282250118173e-06 1.653415918903249571e+00
1.476548547187202757e+03 2.512557093240175329e-06 1.623317405419769210e+00
1.482831732494382322e+03 2.502291119446634363e-06 1.629319537994050604e+00
1.489114917801561887e+03 2.464288205061886079e-06 1.617061577249724325e+00
1.495398103108741452e+03 2.429464765671575338e-06 1.606564322325631844e+00
1.501681288415921017e+03 2.409447894860570284e-06 1.605622514655124400e+00
1.507964473723100582e+03 2.370997672040665484e-06 1.592140889308152563e+00
1.514247659030280374e+03 2.348655781191073332e-06 1.589206653550460979e+00
1.520530844337459939e+03 2.318401208659497572e-06 1.580689338883369377e+00
1.526814029644639504e+03 2.282865516976838252e-06 1.568272721160765659e+00
1.533097214951819069e+03 2.264343933011875917e-06 1.567304930456988155e+00
1.539380400258998634e+03 2.232256485558527398e-06 1.556724187974972473e+00
1.545663585566178199e+03 2.207601445203092133e-06 1.551070214376604195e+00
1.551946770873357764e+03 2.174310552459551621e-06 1.539084318469575940e+00
1.558229956180537329e+03 2.158602124662038882e-06 1.539325416835660709e+00
1.564513141487716894e+03 2.131424800868377971e-06 1.531199962655193758e+00
1.570796326794896459e+03 2.101391063419173938e-06 1.520757576748546169e+00
1.577079512102076251e+03 2.082947308538940041e-06 1.518482759101046131e+00
1.583362697409255816e+03 2.066094189365015292e-06 1.517216416074203433e+00
1.589645882716435381e+03 2.042619740482408311e-06 1.510908759006588165e+00
1.595929068023614946e+03 2.014374409916696706e-06 1.500830918852132045e+00
1.602212253330794510e+03 1.989750162638404754e-06 1.493202259153994405e+00
1.608495438637974075e+03 1.981216714564107049e-06 1.497505220204610854e+00
1.614778623945153640e+03 1.925900301910060021e-06 1.466136095596349831e+00
1.621061809252333205e+03 1.879032284901277928e-06 1.440677571068977869e+00
1.627344994559512770e+03 1.828246046582714072e-06 1.411715887957023741e+00
1.633628179866692335e+03 1.778865346105250936e-06 1.383324189688079686e+00
1.639911365173871900e+03 1.736269403101861933e-06 1.359735597885494585e+00
1.646194550481051692e+03 1.680653009769315941e-06 1.325440338093413661e+00
1.652477735788231257e+03 1.640227187923471772e-06 1.302624685084047051e+00
1.658760921095410822e+03 1.597578186542238332e-06 1.277612287296282512e+00
1.665044106402590387e+03 1.562969151103300025e-06 1.258628612813315950e+00
1.671327291709769952e+03 1.513971967092816056e-06 1.227619918187184744e+00
1.677610477016949517e+03 1.476292199287699958e-06 1.205330268464626320e+00
1.683893662324129082e+03 1.439559556243704705e-06 1.183422579343090586e+00
1.690176847631308647e+03 1.406405310738812404e-06 1.164088779117713246e+00
1.696460032938488212e+03 1.365218292425681427e-06 1.137711352514418017e+00
1.702743218245667777e+03 1.329493553291411256e-06 1.115474622543350725e+00
1.709026403552847569e+03 1.300469534332284568e-06 1.098515692550240397e+00
1.715309588860027134e+03 1.268851913362757517e-06 1.079043328188068251e+00
1.721592774167206699e+03 1.237657251034714441e-06 1.059594058499909730e+00
1.727875959474386264e+03 1.201699323033547216e-06 1.035703666891836017e+00
1.734159144781565828e+03 1.174063936788921567e-06 1.018641793363638248e+00
1.740442330088745393e+03 1.151322747563310713e-06 1.005556368122722866e+00
1.746725515395924958e+03 1.114106199143601722e-06 9.795015823628933083e-01
1.753008700703104523e+03 1.086100985971830484e-06 9.611865224922603312e-01
1.759291886010284088e+03 1.067957536332322892e-06 9.513495876069592017e-01
1.765575071317463653e+03 1.036817639906590058e-06 9.296662308304375344e-01
1.771858256624643218e+03 1.014426759793031799e-06 9.155326164726911298e-01
1.778141441931823010e+03 9.872057382483910436e-07 8.967661944088561876e-01
1.784424627239002575e+03 9.665503193766684330e-07 8.836993130899122306e-01
1.790707812546182140e+03 9.421654282851566167e-07 8.669735198086833128e-01
1.796990997853361705e+03 9.135074849923563361e-07 8.460179863368252340e-01
1.803274183160541270e+03 8.975278126599063968e-07 8.365549719885340130e-01
1.809557368467720835e+03 8.728044136581326894e-07 8.187153254331948071e-01
1.815840553774900400e+03 8.560563277290993003e-07 8.081242618036049707e-01
1.822123739082079965e+03 8.338890502207551622e-07 7.921991266764915052e-01
1.828406924389259530e+03 8.137488006213396740e-07 7.779599981250305829e-01
1.834690109696439094e+03 7.964140487762392462e-07 7.661913277360946628e-01
1.840973295003618659e+03 7.728055304125318136e-07 7.481533369247789222e-01
1.847256480310798452e+03 7.573739413847997232e-07 7.378083334485637801e-01
1.853539665617978017e+03 7.351031661861633444e-07 7.205847740867215023e-01
1.859822850925157582e+03 7.225013929877449570e-07 7.126395443666933005e-01
1.866106036232337146e+03 7.031741308214696673e-07 6.978779351695696409e-01
1.872389221539516711e+03 6.849367930657794712e-07 6.839800041439629830e-01
1.878672406846696276e+03 6.712817496400327109e-07 6.744738411511739251e-01
1.884955592153875841e+03 6.515914059909136574e-07 6.587097219764339595e-01
1.891238777461055406e+03 6.410313690827549665e-07 6.520000308715551141e-01
1.897521962768234971e+03 6.213753905086299200e-07 6.358624852790799586e-01
1.903805148075414536e+03 6.086615419763867669e-07 6.266385464542992834e-01
1.910088333382594101e+03 5.933342986572460106e-07 6.145597541763252458e-01
1.916371518689773893e+03 5.788400861140619941e-07 6.031676817189715045e-01
1.922654703996953458e+03 5.660283995995803808e-07 5.933677371796293176e-01
1.928937889304133023e+03 5.507211464145102093e-07 5.807847438648854332e-01
1.935221074611312588e+03 5.377292787555148090e-07 5.704747449676347282e-01
1.941504259918492153e+03 5.249048461114666223e-07 5.601885398829123952e-01
1.947787445225671718e+03 5.113800353541952824e-07 5.489969936214550428e-01
1.954070630532851283e+03 4.994454982585089661e-07 5.393598008874840311e-01
1.960353815840030848e+03 4.867386577718023148e-07 5.287402286663562823e-01
1.966637001147210412e+03 4.747359321551833594e-07 5.187361108485299965e-01
1.972920186454389977e+03 4.646420977923244064e-07 5.106844909713744718e-01
1.979203371761569770e+03 4.507313443729049498e-07 4.982915636548877480e-01
1.985486557068749335e+03 4.399235459431087508e-07 4.891776624036161536e-01
1.991769742375928899e+03 4.259535308612910193e-07 4.763951103734523906e-01
1.998052927683108464e+03 4.209901787149544350e-07 4.735706473027044283e-01
2.004336112990288029e+03 4.060530692717268744e-07 4.594047435691189230e-01
2.010619298297467594e+03 3.965363157960843415e-07 4.512193194510586425e-01
2.016902483604647159e+03 3.885517816672365694e-07 4.446700604294553383e-01
2.023185668911826724e+03 3.765947055503178156e-07 4.334507248205414776e-01
2.029468854219006289e+03 3.669287510177214509e-07 4.247331176981146705e-01
2.035752039526185854e+03 3.566133836396997212e-07 4.151387266140086907e-01
2.042035224833365419e+03 3.486700765558706349e-07 4.081914755344626666e-01
2.048318410140544984e+03 3.387964352240650182e-07 3.988725878686459336e-01
2.054601595447724776e+03 3.287103229099527119e-07 3.891771334434651064e-01
2.060884780754904114e+03 3.205614124715204710e-07 3.816597678817397754e-01
2.067167966062083906e+03 3.118776342612383060e-07 3.733989876197076896e-01
2.073451151369263243e+03 3.032915525853004843e-07 3.651452280771189107e-01
2.079734336676443036e+03 2.930940850234514120e-07 3.548309286642322702e-01
2.086017521983622828e+03 2.862046109681352617e-07 3.484118132180484828e-01
2.092300707290802166e+03 2.784926244040596937e-07 3.408980768752198909e-01
2.098583892597981958e+03 2.682610807215590400e-07 3.301839441483562787e-01
2.104867077905161295e+03 2.628629505302521739e-07 3.253178923276609513e-01
2.111150263212341088e+03 2.533962231417640295e-07 3.153202808160301407e-01
2.117433448519520425e+03 2.472608414457977666e-07 3.093664780003596571e-01
2.123716633826700217e+03 2.400682842638270732e-07 3.020033991611911772e-01
2.129999819133879555e+03 2.305536905788283569e-07 2.916092419485109000e-01
2.136283004441059347e+03 2.254618996424054458e-07 2.867131431240577122e-01
2.142566189748238685e+03 2.168083773602945260e-07 2.771972043421253029e-01
2.148849375055418477e+03 2.113323322016802282e-07 2.716503270519396440e-01
2.155132560362598269e+03 2.027912531962474460e-07 2.620705365100904904e-01
2.161415745669777607e+03 1.966266538898774251e-07 2.554637553128004668e-01
2.167698930976957399e+03 1.910621579461605059e-07 2.495587365171646199e-01
2.173982116284136737e+03 1.820007783346275441e-07 2.389878662203527293e-01
2.180265301591316529e+03 1.780661080482231962e-07 2.350616221991581045e-01
2.186548486898495867e+03 1.699215055288964072e-07 2.254966286497556982e-01
2.192831672205675659e+03 1.650970589027975843e-07 2.202498956910824424e-01
2.199114857512854996e+03 1.579070688840489166e-07 2.117659245883798946e-01
2.205398042820034789e+03 1.510190385758539887e-07 2.035906551675027154e-01
2.211681228127214126e+03 1.474334060181322865e-07 1.997961922562935810e-01
2.217964413434393919e+03 1.391379442144052614e-07 1.895377121835601919e-01
2.224247598741573711e+03 1.349549211276695549e-07 1.847953893763499278e-01
2.230530784048753048e+03 1.284471423349194190e-07 1.767961700173153183e-01
2.236813969355932841e+03 1.226225472701391854e-07 1.696517804740467206e-01
2.243097154663112178e+03 1.170338983285672714e-07 1.627545578393520265e-01
2.249380339970291971e+03 1.109756983227168566e-07 1.551231186516712213e-01
2.255663525277471308e+03 1.067646217079765724e-07 1.500019644354734505e-01
2.261946710584651100e+03 1.007011359990516009e-07 1.422062595106239336e-01
2.268229895891830438e+03 9.579175389761690031e-08 1.359631091165263150e-01
2.274513081199010230e+03 8.981314058302788182e-08 1.281254354339419754e-01
2.280796266506190022e+03 8.539819519265494467e-08 1.224448707017474491e-01
2.287079451813369360e+03 8.077215383891812286e-08 1.163975821539904171e-01
2.293362637120549152e+03 7.690595989342906849e-08 1.113849909641756036e-01
2.299645822427728490e+03 7.308157138545998255e-08 1.063782787058034918e-01
2.305929007734908282e+03 6.987145866653731797e-08 1.022156401807253201e-01
2.312212193042087620e+03 6.635726506977699757e-08 9.756017508967575191e-02
2.318495378349267412e+03 6.336452739010280070e-08 9.362481299957743641e-02
2.324778563656446750e+03 6.067184582195348867e-08 9.009211734252606241e-02
2.331061748963626542e+03 5.793022749881829770e-08 8.644777641971120030e-02
2.337344934270805879e+03 5.513152416133020384e-08 8.267835253779143301e-02
2.343628119577985672e+03 5.252082922938260290e-08 7.915181136425845920e-02
2.349911304885165464e+03 5.030496790421824475e-08 7.618542693012521350e-02
2.356194490192344801e+03 4.796118001179379519e-08 7.299228218049184924e-02
2.362477675499524594e+03 4.529087553699602022e-08 6.926569411271357724e-02
2.368760860806703931e+03 4.377575807275862469e-08 6.727534128681832148e-02
2.375044046113883724e+03 4.178885050610352570e-08 6.453448026615739297e-02
2.381327231421063061e+03 3.947129745232703068e-08 6.125145070345910242e-02
2.387610416728242853e+03 3.786208792133467384e-08 5.903880777119981105e-02
2.393893602035422191e+03 3.606617103399800171e-08 5.651003617022547915e-02
2.400176787342601983e+03 3.435183907444080281e-08 5.408322530211105011e-02
2.406459972649781321e+03 3.277287379968137121e-08 5.184521779403724467e-02
2.412743157956961113e+03 3.093138779632636719e-08 4.916655084895334149e-02
2.419026343264140905e+03 2.998955752218648166e-08 4.789731339805868016e-02
2.425309528571320243e+03 2.836107362716062955e-08 4.551233853759146381e-02
2.431592713878500035e+03 2.694023692625029163e-08 4.343781173247301952e-02
2.437875899185679373e+03 2.568215582484089684e-08 4.160569032726384869e-02
2.444159084492859165e+03 2.443636209766535140e-08 3.977473055495520105e-02
2.450442269800038503e+03 2.339511025261481217e-08 3.825955969874209051e-02
2.456725455107218295e+03 2.182119877610449695e-08 3.585357113431208304e-02
2.463008640414397632e+03 2.085216875467095697e-08 3.442221232932877323e-02
2.469291825721577425e+03 2.013199573139705115e-08 3.338896298306048838e-02
2.475575011028756762e+03 1.884198069971071480e-08 3.139540235784870487e-02
2.481858196335936555e+03 1.764677975544733926e-08 2.954086668535511537e-02
2.488141381643116347e+03 1.713754171003020896e-08 2.882169099333877285e-02
2.494424566950295684e+03 1.616423172258923159e-08 2.731077904874097684e-02
2.500707752257475477e+03 1.510590486775176911e-08 2.564063655457816601e-02
2.506990937564654814e+03 1.406675400097521335e-08 2.398689091006097826e-02
2.513274122871834606e+03 1.381247249235557557e-08 2.366162146052112891e-02
2.519557308179013944e+03 1.273606340548479580e-08 2.191776776560701995e-02
2.525840493486193736e+03 1.186761324145011967e-08 2.051670310098742400e-02
2.532123678793373074e+03 1.133352840305252575e-08 1.968282723962068090e-02
2.538406864100552866e+03 1.076261025909922083e-08 1.877643803571169695e-02
2.544690049407732204e+03 9.986125939676903910e-09 1.750092512417956297e-02
2.550973234714911996e+03 9.243148310533678313e-09 1.627224252432174501e-02
2.557256420022091788e+03 8.929846177389335759e-09 1.579174612621975921e-02
2.563539605329271126e+03 8.373616992250705416e-09 1.487486901504472825e-02
2.569822790636450918e+03 7.602599254892550768e-09 1.356598259100699061e-02
2.576105975943630256e+03 6.942071965446197520e-09 1.244292855455878151e-02
2.582389161250810048e+03 6.876650828901128611e-09 1.238083887743587908e-02
2.588672346557989385e+03 6.308045166230172478e-09 1.140782321327655710e-02
2.594955531865169178e+03 5.682368726176697199e-09 1.032208897132905374e-02
2.601238717172348515e+03 5.276108475747383969e-09 9.626699897767326472e-03
2.607521902479528308e+03 5.024601308362100954e-09 9.208443117738517036e-03
2.613805087786708100e+03 4.573007900345940852e-09 8.417881667866736195e-03
2.620088273093887437e+03 4.088047636141944831e-09 7.558375674688667771e-03
2.626371458401067230e+03 3.911495695084312389e-09 7.263776371607165612e-03
2.632654643708246567e+03 3.589611784538664379e-09 6.695293446997467417e-03
2.638937829015426360e+03 3.138294656996726401e-09 5.879140536590485300e-03
2.645221014322605697e+03 2.763595572232441529e-09 5.199817355325357486e-03
2.651504199629785489e+03 2.759278782016909062e-09 5.214325843776275969e-03
2.657787384936964827e+03 2.493596289189641727e-09 4.732746487350798087e-03
2.664070570244144619e+03 2.020907603261472926e-09 3.852242517324290256e-03
2.670353755551323957e+03 1.736595356114976050e-09 3.324615554325406706e-03
2.676636940858503749e+03 1.908187724042742240e-09 3.668893634625445405e-03
2.682920126165683541e+03 1.593306736580716079e-09 3.076665313032256929e-03
2.689203311472862879e+03 1.220027491649902060e-09 2.365990258631389415e-03
2.695486496780042671e+03 9.906339234169276099e-10 1.929366159859146604e-03
2.701769682087222009e+03 1.105075014937089912e-09 2.161459091998776776e-03
2.708052867394401801e+03 9.204455050528598346e-10 1.808018355176955983e-03
2.714336052701581139e+03 6.396822229311394939e-10 1.261868917196776619e-03
2.720619238008760931e+03 4.975303691698865477e-10 9.856222458718250871e-04
2.726902423315940268e+03 5.508231490897384395e-10 1.095821406252490060e-03
2.733185608623120061e+03 4.244339245415642122e-10 8.479498200976335427e-04
2.739468793930299398e+03 2.393041238937856855e-10 4.801075163328031355e-04
2.745751979237479190e+03 1.997316325471193616e-10 4.024011793917730141e-04
2.752035164544658983e+03 1.890350807024594870e-10 3.824500320212495291e-04
2.758318349851838320e+03 1.203861215683077325e-10 2.445819870234230715e-04
2.764601535159018113e+03 3.905642230880472836e-11 7.968051338089454086e-05
2.770884720466197450e+03 4.846389224648668877e-11 9.928541674402552829e-05
2.777167905773377242e+03 1.782940567465470863e-11 3.667815254735310316e-05
