3.173008580125690870e+00 5.000000000000000000e+00
6.346017160251381739e+00 8.000000000000000000e+00
9.519025740377072609e+00 9.000000000000000000e+00
1.269203432050276348e+01 2.800000000000000000e+01
1.586504290062845435e+01 2.500000000000000000e+01
1.903805148075414522e+01 3.200000000000000000e+01
2.221106006087983786e+01 4.500000000000000000e+01
2.538406864100552696e+01 7.600000000000000000e+01
2.855707722113121605e+01 6.900000000000000000e+01
3.173008580125690870e+01 1.200000000000000000e+02
3.490309438138260134e+01 1.010000000000000000e+02
3.807610296150829043e+01 1.560000000000000000e+02
4.124911154163397953e+01 1.090000000000000000e+02
4.442212012175967573e+01 2.240000000000000000e+02
4.759512870188536482e+01 2.010000000000000000e+02
5.076813728201105391e+01 2.080000000000000000e+02
5.394114586213674301e+01 2.730000000000000000e+02
5.711415444226243210e+01 3.280000000000000000e+02
6.028716302238812830e+01 3.370000000000000000e+02
6.346017160251381739e+01 2.920000000000000000e+02
6.663318018263950648e+01 4.170000000000000000e+02
6.980618876276520268e+01 4.560000000000000000e+02
7.297919734289088467e+01 4.330000000000000000e+02
7.615220592301658087e+01 4.880000000000000000e+02
7.932521450314227707e+01 5.610000000000000000e+02
8.249822308326795905e+01 6.120000000000000000e+02
8.567123166339365525e+01 5.730000000000000000e+02
8.884424024351935145e+01 7.520000000000000000e+02
9.201724882364503344e+01 6.890000000000000000e+02
9.519025740377072964e+01 8.280000000000000000e+02
9.836326598389641163e+01 8.450000000000000000e+02
1.015362745640221078e+02 8.280000000000000000e+02
1.047092831441478040e+02 9.610000000000000000e+02
1.078822917242734860e+02 9.120000000000000000e+02
1.110553003043991822e+02 1.153000000000000000e+03
1.142283088845248642e+02 1.080000000000000000e+03
1.174013174646505604e+02 1.053000000000000000e+03
1.205743260447762566e+02 1.276000000000000000e+03
1.237473346249019386e+02 1.329000000000000000e+03
1.269203432050276348e+02 1.380000000000000000e+03
1.300933517851533168e+02 1.357000000000000000e+03
1.332663603652790130e+02 1.576000000000000000e+03
1.364393689454047092e+02 1.557000000000000000e+03
1.396123775255304054e+02 1.632000000000000000e+03
1.427853861056561016e+02 1.709000000000000000e+03
1.459583946857817693e+02 1.788000000000000000e+03
1.491314032659074655e+02 1.917000000000000000e+03
1.523044118460331617e+02 1.884000000000000000e+03
1.554774204261588579e+02 2.037000000000000000e+03
1.586504290062845541e+02 2.108000000000000000e+03
1.618234375864102219e+02 2.213000000000000000e+03
1.649964461665359181e+02 2.264000000000000000e+03
1.681694547466616143e+02 2.265000000000000000e+03
1.713424633267873105e+02 2.492000000000000000e+03
1.745154719069130067e+02 2.449000000000000000e+03
1.776884804870387029e+02 2.712000000000000000e+03
1.808614890671643707e+02 2.821000000000000000e+03
1.840344976472900669e+02 2.688000000000000000e+03
1.872075062274157631e+02 3.041000000000000000e+03
1.903805148075414593e+02 2.860000000000000000e+03
1.935535233876671555e+02 3.181000000000000000e+03
1.967265319677928233e+02 3.128000000000000000e+03
1.998995405479185195e+02 3.353000000000000000e+03
2.030725491280442156e+02 3.580000000000000000e+03
2.062455577081699118e+02 3.533000000000000000e+03
2.094185662882956080e+02 3.408000000000000000e+03
2.125915748684212758e+02 3.925000000000000000e+03
2.157645834485469720e+02 3.908000000000000000e+03
2.189375920286726682e+02 3.669000000000000000e+03
2.221106006087983644e+02 4.100000000000000000e+03
2.252836091889240606e+02 4.397000000000000000e+03
2.284566177690497284e+02 4.160000000000000000e+03
2.316296263491754246e+02 4.561000000000000000e+03
2.348026349293011208e+02 4.660000000000000000e+03
2.379756435094268170e+02 4.581000000000000000e+03
2.411486520895525132e+02 4.592000000000000000e+03
2.443216606696782094e+02 5.117000000000000000e+03
2.474946692498038772e+02 4.980000000000000000e+03
2.506676778299295734e+02 5.065000000000000000e+03
2.538406864100552696e+02 5.396000000000000000e+03
2.570136949901809658e+02 5.481000000000000000e+03
2.601867035703066335e+02 5.524000000000000000e+03
2.633597121504323582e+02 5.621000000000000000e+03
2.665327207305580259e+02 5.864000000000000000e+03
2.697057293106837506e+02 6.317000000000000000e+03
2.728787378908094183e+02 5.848000000000000000e+03
2.760517464709350861e+02 6.429000000000000000e+03
2.792247550510608107e+02 6.136000000000000000e+03
2.823977636311864785e+02 6.613000000000000000e+03
2.855707722113122031e+02 6.684000000000000000e+03
2.887437807914378709e+02 7.057000000000000000e+03
2.919167893715635387e+02 6.836000000000000000e+03
2.950897979516892633e+02 7.361000000000000000e+03
2.982628065318149311e+02 7.176000000000000000e+03
3.014358151119406557e+02 7.745000000000000000e+03
3.046088236920663235e+02 7.160000000000000000e+03
3.077818322721919913e+02 7.865000000000000000e+03
3.109548408523177159e+02 7.836000000000000000e+03
3.141278494324433836e+02 8.577000000000000000e+03
3.173008580125691083e+02 7.765000000000000000e+03
3.204738665926947760e+02 8.664000000000000000e+03
3.236468751728204438e+02 8.601000000000000000e+03
3.268198837529461684e+02 8.960000000000000000e+03
3.299928923330718362e+02 8.509000000000000000e+03
3.331659009131975608e+02 9.220000000000000000e+03
3.363389094933232286e+02 9.005000000000000000e+03
3.395119180734488964e+02 9.716000000000000000e+03
3.426849266535746210e+02 9.429000000000000000e+03
3.458579352337002888e+02 9.812000000000000000e+03
3.490309438138260134e+02 1.014500000000000000e+04
3.522039523939516812e+02 1.022000000000000000e+04
3.553769609740774058e+02 1.022100000000000000e+04
3.585499695542030736e+02 1.067200000000000000e+04
3.617229781343287414e+02 1.040500000000000000e+04
3.648959867144544660e+02 1.105600000000000000e+04
3.680689952945801338e+02 1.112500000000000000e+04
3.712420038747058584e+02 1.121200000000000000e+04
3.744150124548315262e+02 1.151700000000000000e+04
3.775880210349571939e+02 1.148400000000000000e+04
3.807610296150829186e+02 1.180500000000000000e+04
3.839340381952085863e+02 1.216800000000000000e+04
3.871070467753343110e+02 1.220900000000000000e+04
3.902800553554599787e+02 1.237200000000000000e+04
3.934530639355856465e+02 1.242100000000000000e+04
3.966260725157113711e+02 1.285600000000000000e+04
3.997990810958370389e+02 1.318300000000000000e+04
4.029720896759627635e+02 1.324600000000000000e+04
4.061450982560884313e+02 1.295500000000000000e+04
4.093181068362140991e+02 1.310000000000000000e+04
4.124911154163398237e+02 1.314900000000000000e+04
4.156641239964654915e+02 1.288400000000000000e+04
4.188371325765912161e+02 1.306500000000000000e+04
4.220101411567168839e+02 1.305800000000000000e+04
4.251831497368425516e+02 1.293300000000000000e+04
4.283561583169682763e+02 1.297400000000000000e+04
4.315291668970939440e+02 1.315700000000000000e+04
4.347021754772196687e+02 1.295000000000000000e+04
4.378751840573453364e+02 1.279500000000000000e+04
4.410481926374710042e+02 1.298800000000000000e+04
4.442212012175967288e+02 1.327900000000000000e+04
4.473942097977223966e+02 1.269000000000000000e+04
4.505672183778481212e+02 1.269500000000000000e+04
4.537402269579737890e+02 1.261000000000000000e+04
4.569132355380994568e+02 1.289100000000000000e+04
4.600862441182251814e+02 1.275800000000000000e+04
4.632592526983508492e+02 1.279100000000000000e+04
4.664322612784765738e+02 1.287000000000000000e+04
4.696052698586022416e+02 1.263100000000000000e+04
4.727782784387279662e+02 1.256200000000000000e+04
4.759512870188536340e+02 1.252700000000000000e+04
4.791242955989793018e+02 1.249000000000000000e+04
4.822973041791050264e+02 1.250300000000000000e+04
4.854703127592306942e+02 1.212600000000000000e+04
4.886433213393564188e+02 1.273900000000000000e+04
4.918163299194820866e+02 1.248800000000000000e+04
4.949893384996077543e+02 1.213900000000000000e+04
4.981623470797334789e+02 1.226600000000000000e+04
5.013353556598591467e+02 1.223500000000000000e+04
5.045083642399848713e+02 1.167000000000000000e+04
5.076813728201105391e+02 1.217900000000000000e+04
5.108543814002362069e+02 1.231600000000000000e+04
5.140273899803619315e+02 1.191500000000000000e+04
5.172003985604876561e+02 1.201000000000000000e+04
5.203734071406132671e+02 1.181500000000000000e+04
5.235464157207389917e+02 1.198200000000000000e+04
5.267194243008647163e+02 1.155300000000000000e+04
5.298924328809903272e+02 1.146600000000000000e+04
5.330654414611160519e+02 1.170300000000000000e+04
5.362384500412417765e+02 1.179800000000000000e+04
5.394114586213675011e+02 1.122100000000000000e+04
5.425844672014931120e+02 1.140200000000000000e+04
5.457574757816188367e+02 1.123500000000000000e+04
5.489304843617445613e+02 1.147400000000000000e+04
5.521034929418701722e+02 1.093700000000000000e+04
5.552765015219958968e+02 1.111400000000000000e+04
5.584495101021216215e+02 1.114700000000000000e+04
5.616225186822472324e+02 1.068200000000000000e+04
5.647955272623729570e+02 1.097300000000000000e+04
5.679685358424986816e+02 1.088700000000000000e+04
5.711415444226244063e+02 1.051100000000000000e+04
5.743145530027500172e+02 1.053100000000000000e+04
5.774875615828757418e+02 1.063000000000000000e+04
5.806605701630014664e+02 1.060900000000000000e+04
5.838335787431270774e+02 1.033300000000000000e+04
5.870065873232528020e+02 1.046200000000000000e+04
5.901795959033785266e+02 1.043200000000000000e+04
5.933526044835041375e+02 1.020400000000000000e+04
5.965256130636298622e+02 1.032700000000000000e+04
5.996986216437555868e+02 1.033500000000000000e+04
6.028716302238813114e+02 1.007700000000000000e+04
6.060446388040069223e+02 1.029700000000000000e+04
6.092176473841326469e+02 1.011300000000000000e+04
6.123906559642583716e+02 1.002300000000000000e+04
6.155636645443839825e+02 9.990000000000000000e+03
6.187366731245097071e+02 1.013200000000000000e+04
6.219096817046354317e+02 1.012000000000000000e+04
6.250826902847611564e+02 9.885000000000000000e+03
6.282556988648867673e+02 1.002400000000000000e+04
6.314287074450124919e+02 9.571000000000000000e+03
6.346017160251382165e+02 1.012600000000000000e+04
6.377747246052638275e+02 1.004100000000000000e+04
6.409477331853895521e+02 9.851000000000000000e+03
6.441207417655152767e+02 9.806000000000000000e+03
6.472937503456408876e+02 9.799000000000000000e+03
6.504667589257666123e+02 9.652000000000000000e+03
6.536397675058923369e+02 9.713000000000000000e+03
6.568127760860180615e+02 9.712000000000000000e+03
6.599857846661436724e+02 9.677000000000000000e+03
6.631587932462693971e+02 9.808000000000000000e+03
6.663318018263951217e+02 9.599000000000000000e+03
6.695048104065207326e+02 9.686000000000000000e+03
6.726778189866464572e+02 9.799000000000000000e+03
6.758508275667721819e+02 9.476000000000000000e+03
6.790238361468977928e+02 9.592000000000000000e+03
6.821968447270235174e+02 9.608000000000000000e+03
6.853698533071492420e+02 9.489000000000000000e+03
6.885428618872749666e+02 9.484000000000000000e+03
6.917158704674005776e+02 9.683000000000000000e+03
6.948888790475263022e+02 9.518000000000000000e+03
6.980618876276520268e+02 9.463000000000000000e+03
