6.346017160251381739e+00 4.063088519294131640e-04 8.838088667854744618e-03
1.269203432050276348e+01 2.952770870423820221e-04 2.039146731188212422e-02
1.903805148075414522e+01 1.792020216930949078e-04 2.432467611665087986e-02
2.538406864100552696e+01 2.270919750360899921e-04 4.978943253620637249e-02
3.173008580125690870e+01 1.658386545129635959e-04 5.273972282661724964e-02
3.807610296150829043e+01 1.169956257815115168e-04 5.041856091735601869e-02
4.442212012175967573e+01 8.779722539663969332e-05 4.891922802233478196e-02
5.076813728201105391e+01 7.122606911559071791e-05 4.957823085110261985e-02
5.711415444226243210e+01 7.493107191609046491e-05 6.346995611290107142e-02
6.346017160251381739e+01 5.101693439662175020e-05 5.150899723726332785e-02
6.980618876276520268e+01 4.807800862974420669e-05 5.689878812857890322e-02
7.615220592301658087e+01 3.489330744142586649e-05 4.773969249912327767e-02
8.249822308326795905e+01 3.108960743317024409e-05 4.860596416206944964e-02
8.884424024351935145e+01 2.313769489589675060e-05 4.092941647407799532e-02
9.519025740377072964e+01 1.864962853115894020e-05 3.701044905315226813e-02
1.015362745640221078e+02 1.492007424023534412e-05 3.297157491851791800e-02
1.078822917242734860e+02 1.176074709410935603e-05 2.875313367646149462e-02
1.142283088845248642e+02 9.056912336150707826e-06 2.435583797035089509e-02
1.205743260447762566e+02 7.505777698699480213e-06 2.208786653511294815e-02
1.269203432050276348e+02 6.243360406173408781e-06 2.001261323332945152e-02
1.332663603652790130e+02 4.901329009138907124e-06 1.704177201282363815e-02
1.396123775255304054e+02 3.924753320800370923e-06 1.474638507529947400e-02
1.459583946857817693e+02 3.278239502051671708e-06 1.326444681508480612e-02
1.523044118460331617e+02 2.693939554163622060e-06 1.170151211710620913e-02
1.586504290062845541e+02 2.196908522268307303e-06 1.021442815922391813e-02
1.649964461665359181e+02 1.778270839992853878e-06 8.826507417703896574e-03
1.713424633267873105e+02 1.421105573289596997e-06 7.511638626242416600e-03
1.776884804870387029e+02 1.201701283750180198e-06 6.748832470746313206e-03
1.840344976472900669e+02 9.788203023506100281e-07 5.828207903352411283e-03
1.903805148075414593e+02 8.279424967041210612e-07 5.216401399690003167e-03
1.967265319677928233e+02 6.966046301226502559e-07 4.635443052638294273e-03
2.030725491280442156e+02 5.976987970404722820e-07 4.193414081143313765e-03
2.094185662882956080e+02 4.802806107472873525e-07 3.546938766075867153e-03
2.157645834485469720e+02 4.183206824493311150e-07 3.246954996879965541e-03
2.221106006087983644e+02 3.557459216832135122e-07 2.897935671773889908e-03
2.284566177690497284e+02 3.158315225988329760e-07 2.696466601845045816e-03
2.348026349293011208e+02 2.800082789969689799e-07 2.502317900330128155e-03
2.411486520895525132e+02 2.381680997774597329e-07 2.225145031731163257e-03
2.474946692498038772e+02 2.282543603660902695e-07 2.226873247605646363e-03
2.538406864100552980e+02 1.963055414153291726e-07 1.997719988547388276e-03
2.601867035703066335e+02 1.844125760670166865e-07 1.955535477316163590e-03
2.665327207305580259e+02 1.696196743996935543e-07 1.872379077008131830e-03
2.728787378908094183e+02 1.623126501712990529e-07 1.863381867124459367e-03
2.792247550510608107e+02 1.515030232423767912e-07 1.807220580470251950e-03
2.855707722113122031e+02 1.463130273453114171e-07 1.811920990587110019e-03
2.919167893715635387e+02 1.413394732193407313e-07 1.815635189510102394e-03
2.982628065318149311e+02 1.370024029038130074e-07 1.824147775137711100e-03
3.046088236920663235e+02 1.308876671944295675e-07 1.804968082234969596e-03
3.109548408523177159e+02 1.300126168949548133e-07 1.855585784698457778e-03
3.173008580125691083e+02 1.245551593978506213e-07 1.838571255368175606e-03
3.236468751728204438e+02 1.301100393399145873e-07 1.985012161633747160e-03
3.299928923330718362e+02 1.209987533238064693e-07 1.906727097809989046e-03
3.363389094933232286e+02 1.186552436300999024e-07 1.930110270128937303e-03
3.426849266535746210e+02 1.209747352079977029e-07 2.030110528161054723e-03
3.490309438138260134e+02 1.197291167785739149e-07 2.071602047194139734e-03
3.553769609740774058e+02 1.162730119366272999e-07 2.073135576419425467e-03
3.617229781343287414e+02 1.152457287811072789e-07 2.116337861726482091e-03
3.680689952945801338e+02 1.128920118901318393e-07 2.134086109288192527e-03
3.744150124548315262e+02 1.130612778823045983e-07 2.199054432414302915e-03
3.807610296150829186e+02 1.128410483039390721e-07 2.257119743674509266e-03
3.871070467753343110e+02 1.096677974295525408e-07 2.254918846474296759e-03
3.934530639355856465e+02 1.084447590007573685e-07 2.291026542392471041e-03
3.997990810958370389e+02 1.077366076908268875e-07 2.337578923042672556e-03
4.061450982560884313e+02 1.043874160374430059e-07 2.325145711177418421e-03
4.124911154163398237e+02 8.844859812605143073e-08 2.021693362372190602e-03
4.188371325765912161e+02 7.909398706317791035e-08 1.854465527428302658e-03
4.251831497368425516e+02 6.907811125114972624e-08 1.660735729228014984e-03
4.315291668970939440e+02 6.037264207452443931e-08 1.487728811269868352e-03
4.378751840573453364e+02 5.414858232800688123e-08 1.367217616429213228e-03
4.442212012175967288e+02 4.927341257817171915e-08 1.274318863530797194e-03
4.505672183778481212e+02 4.331046044437369026e-08 1.146899734708027759e-03
4.569132355380994568e+02 3.936278656260077690e-08 1.066945082929539670e-03
4.632592526983508492e+02 3.628742529615277390e-08 1.006459550220672105e-03
4.696052698586022416e+02 3.344220385224814017e-08 9.488185342960071041e-04
4.759512870188536340e+02 3.001289211419396188e-08 8.707871727578682690e-04
4.822973041791050264e+02 2.815180256123706199e-08 8.350213863754098837e-04
4.886433213393564188e+02 2.560483183449358967e-08 7.762028029827872837e-04
4.949893384996077543e+02 2.319489881958551378e-08 7.184318162310156719e-04
5.013353556598591467e+02 2.182055817542777812e-08 6.903665567645794103e-04
5.076813728201105391e+02 1.957369831189291356e-08 6.323996275790845804e-04
5.140273899803619315e+02 1.876148938809009361e-08 6.188391017592675047e-04
5.203734071406132671e+02 1.631623297737984632e-08 5.493026853374964906e-04
5.267194243008647163e+02 1.495111171340228159e-08 5.136165910441310061e-04
5.330654414611160519e+02 1.378458093551025102e-08 4.830897037730239843e-04
5.394114586213675011e+02 1.211756469566720968e-08 4.331273685126440132e-04
5.457574757816188367e+02 1.076833522059171689e-08 3.924774619590004209e-04
5.521034929418701722e+02 9.189147759002865416e-09 3.414360652031329609e-04
5.584495101021216215e+02 8.266910180717084857e-09 3.130759758195856787e-04
5.647955272623729570e+02 6.354760425662776621e-09 2.452362107002505629e-04
5.711415444226244063e+02 5.218509109000243838e-09 2.051726015088220197e-04
5.774875615828757418e+02 4.117716220068661200e-09 1.649025876155563392e-04
5.838335787431270774e+02 3.462008878939710890e-09 1.411919576531350795e-04
5.901795959033785266e+02 2.901981665108666113e-09 1.205040515034127646e-04
5.965256130636298622e+02 2.282796110106965886e-09 9.649740105569088974e-05
6.028716302238813114e+02 1.906703325709634801e-09 8.203349278197409958e-05
6.092176473841326469e+02 1.633051182075108034e-09 7.149690710033502583e-05
6.155636645443839825e+02 1.347288556751821177e-09 6.001349439818947788e-05
6.219096817046354317e+02 1.077130666885176201e-09 4.880682843050338914e-05
6.282556988648867673e+02 9.110667310652518267e-10 4.198662013382921702e-05
6.346017160251382165e+02 7.514540124987532965e-10 3.521582048255808247e-05
6.409477331853895521e+02 6.577681122976755640e-10 3.134083109263910031e-05
6.472937503456408876e+02 4.385239885213201409e-10 2.124038471836046059e-05
6.536397675058923369e+02 2.430311915142315708e-10 1.196445151790271834e-05
6.599857846661436724e+02 2.299291684930651853e-10 1.150319206582401795e-05
6.663318018263951217e+02 1.855326822532887412e-10 9.431294912201154218e-06
6.726778189866464572e+02 1.095417974269520527e-10 5.657072029439750370e-06
6.790238361468977928e+02 6.656929571116103152e-11 3.492065078039662047e-06
6.853698533071492420e+02 1.574662366833097335e-11 8.389365409055953385e-07
6.917158704674005776e+02 1.325056468335060468e-11 7.168813573395979518e-07
