6.346017160251381739e+00 2.867796402277138917e-02 6.238072039120488022e-01
1.269203432050276348e+01 1.703855424617801637e-02 1.176661302889377536e+00
1.903805148075414522e+01 9.086350371445050048e-03 1.233370738675811484e+00
2.538406864100552696e+01 8.098644335035824066e-03 1.775610545858849809e+00
3.173008580125690870e+01 6.113760715186392948e-03 1.944287636040767930e+00
3.807610296150829043e+01 4.495845745982880552e-03 1.937457670786649544e+00
4.442212012175967573e+01 3.498656036466777242e-03 1.949395913668439118e+00
5.076813728201105391e+01 2.866630036118440489e-03 1.995371181648931014e+00
5.711415444226243210e+01 2.658820547243057400e-03 2.252139454705418320e+00
6.346017160251381739e+01 1.912851757723117024e-03 1.931301381965803809e+00
6.980618876276520268e+01 1.704931324084396713e-03 2.017731785231215991e+00
7.615220592301658087e+01 1.235868710952934321e-03 1.690868437428068471e+00
8.249822308326795905e+01 1.087480196764934034e-03 1.700183046200870685e+00
8.884424024351935145e+01 8.564317045223766899e-04 1.514984533840370684e+00
9.519025740377072964e+01 6.783382580483890900e-04 1.346171774861825154e+00
1.015362745640221078e+02 5.867470295229934097e-04 1.296640575015668650e+00
1.078822917242734860e+02 4.526548677369988797e-04 1.106668293875813003e+00
1.142283088845248642e+02 3.770157124513226227e-04 1.013870209175890214e+00
1.205743260447762566e+02 3.140122273945612037e-04 9.240694898659703727e-01
1.269203432050276348e+02 2.602946430067570502e-04 8.343545267787166875e-01
1.332663603652790130e+02 2.013399885394768433e-04 7.000530214063510615e-01
1.396123775255304054e+02 1.636134102255237235e-04 6.147408903081054143e-01
1.459583946857817693e+02 1.391192214808701234e-04 5.629056428409540125e-01
1.523044118460331617e+02 1.133966058497337811e-04 4.925543913331560386e-01
1.586504290062845541e+02 9.332765740288828042e-05 4.339227792817674234e-01
1.649964461665359181e+02 7.830948336771309580e-05 3.886917674612812013e-01
1.713424633267873105e+02 6.315288888056769679e-05 3.338117085671274409e-01
1.776884804870387029e+02 5.265381426460699973e-05 2.957072412444045062e-01
1.840344976472900669e+02 4.347746577536266657e-05 2.588786818593564742e-01
1.903805148075414593e+02 3.626576746346788443e-05 2.284902646142000227e-01
1.967265319677928233e+02 2.989586360439867049e-05 1.989371980246989746e-01
2.030725491280442156e+02 2.683018600423430186e-05 1.882387589651312865e-01
2.094185662882956080e+02 2.170894407334740368e-05 1.603235558156742568e-01
2.157645834485469720e+02 1.871744397404964650e-05 1.452825566369709831e-01
2.221106006087983644e+02 1.630956186359588082e-05 1.328590385292048315e-01
2.284566177690497284e+02 1.415995711129329608e-05 1.208930987001539670e-01
2.348026349293011208e+02 1.254354338615472316e-05 1.120964467949975146e-01
2.411486520895525132e+02 1.038178265687638184e-05 9.699440068189819908e-02
2.474946692498038772e+02 9.892773293778638389e-06 9.651492377718466631e-02
2.538406864100552980e+02 8.523351097754965921e-06 8.673860521016749092e-02
2.601867035703066335e+02 7.980811126656248744e-06 8.462958236787647415e-02
2.665327207305580259e+02 7.090075771880844368e-06 7.826515159078714645e-02
2.728787378908094183e+02 6.440576755825276343e-06 7.393911643955290713e-02
2.792247550510608107e+02 5.906842649631756081e-06 7.046042629087323483e-02
2.855707722113122031e+02 5.462323711927896986e-06 6.764468735695948476e-02
2.919167893715635387e+02 5.038385081840012206e-06 6.472267827611853652e-02
2.982628065318149311e+02 4.626326004860618468e-06 6.159820638148353483e-02
3.046088236920663235e+02 4.254918868963847218e-06 5.867621385268231848e-02
3.109548408523177159e+02 4.002198498318236037e-06 5.712078426220047050e-02
3.173008580125691083e+02 3.661036923935409798e-06 5.404093484147815679e-02
3.236468751728204438e+02 3.556345914063858714e-06 5.425707290696049623e-02
3.299928923330718362e+02 3.153002661240281166e-06 4.968576492325735977e-02
3.363389094933232286e+02 2.953888373483360056e-06 4.804954346769727686e-02
3.426849266535746210e+02 2.774093702587152720e-06 4.655283454057228265e-02
3.490309438138260134e+02 2.567627279226644576e-06 4.442613518910810272e-02
3.553769609740774058e+02 2.391944339104802043e-06 4.264811604704917686e-02
3.617229781343287414e+02 2.230487830442448269e-06 4.096000689666650513e-02
3.680689952945801338e+02 2.082456160721014953e-06 3.936629962907774866e-02
3.744150124548315262e+02 1.952732843618764112e-06 3.798087104190528418e-02
3.807610296150829186e+02 1.877593009602052572e-06 3.755683163402600416e-02
3.871070467753343110e+02 1.749878863479431714e-06 3.597988580778679196e-02
3.934530639355856465e+02 1.659225614367975134e-06 3.505314555872578175e-02
3.997990810958370389e+02 1.587034433990170588e-06 3.443414752471595647e-02
4.061450982560884313e+02 1.467135477824217001e-06 3.267926243864108238e-02
4.124911154163398237e+02 1.262222004526579789e-06 2.885094735763708146e-02
4.188371325765912161e+02 1.091206950701876106e-06 2.558482317689192778e-02
4.251831497368425516e+02 9.728982361842864074e-07 2.338985291389634666e-02
4.315291668970939440e+02 8.486192196689831912e-07 2.091204259936878945e-02
4.378751840573453364e+02 7.566258817359898463e-07 1.910432720637783230e-02
4.442212012175967288e+02 6.754864168349019445e-07 1.746956498427862381e-02
4.505672183778481212e+02 5.934135445808495706e-07 1.571412148171560941e-02
4.569132355380994568e+02 5.324712004316256641e-07 1.443285851215345660e-02
4.632592526983508492e+02 4.821496395805218392e-07 1.337278975928665042e-02
4.696052698586022416e+02 4.325873390946723099e-07 1.227332046799973868e-02
4.759512870188536340e+02 3.836097909594196191e-07 1.112996655040157136e-02
4.822973041791050264e+02 3.479663431840066654e-07 1.032116283372807967e-02
4.886433213393564188e+02 3.108589150462971273e-07 9.423594841426389049e-03
4.949893384996077543e+02 2.765583623260883851e-07 8.566035492771227958e-03
5.013353556598591467e+02 2.511824480276420627e-07 7.946999355855919114e-03
5.076813728201105391e+02 2.177545934015528425e-07 7.035355382334984066e-03
5.140273899803619315e+02 2.039689766247732329e-07 6.727822918012012383e-03
5.203734071406132671e+02 1.770364517222321908e-07 5.960113371049731261e-03
5.267194243008647163e+02 1.561301578443194205e-07 5.363550280966572839e-03
5.330654414611160519e+02 1.405977147630816003e-07 4.927339372435338843e-03
5.394114586213675011e+02 1.207534676779107452e-07 4.316183408767869725e-03
5.457574757816188367e+02 1.069469510588202499e-07 3.897934736982744831e-03
5.521034929418701722e+02 8.900381176378314460e-08 3.307065254983343992e-03
5.584495101021216215e+02 7.728995262150086664e-08 2.927046116270612484e-03
5.647955272623729570e+02 6.092252582615535175e-08 2.351057849413145436e-03
5.711415444226244063e+02 4.918449231283492017e-08 1.933753497586263937e-03
5.774875615828757418e+02 3.947872603249507338e-08 1.581008435402940331e-03
5.838335787431270774e+02 3.266708338347505630e-08 1.332269677813083296e-03
5.901795959033785266e+02 2.738959693190814931e-08 1.137346055291767275e-03
5.965256130636298622e+02 2.157700838511742063e-08 9.120942612886780978e-04
6.028716302238813114e+02 1.863935632209248052e-08 8.019346700095233635e-04
6.092176473841326469e+02 1.519075909135897136e-08 6.650693520569094614e-04
6.155636645443839825e+02 1.294988337584810063e-08 5.768383836847403197e-04
6.219096817046354317e+02 1.009358721633805955e-08 4.573595336773098735e-04
6.282556988648867673e+02 8.021129831850226694e-09 3.696547352796490378e-04
6.346017160251382165e+02 6.814730708346291584e-09 3.193626346662125520e-04
6.409477331853895521e+02 5.294370130179313059e-09 2.522620918977769907e-04
6.472937503456408876e+02 3.908471754247250659e-09 1.893110659715270463e-04
6.536397675058923369e+02 2.340981957928234297e-09 1.152467918434955322e-04
6.599857846661436724e+02 2.078570943498862155e-09 1.039894196208933949e-04
6.663318018263951217e+02 1.672014585110329921e-09 8.499452742320094505e-05
6.726778189866464572e+02 1.027649106211633386e-09 5.307092955732547996e-05
6.790238361468977928e+02 4.806546194832411367e-10 2.521398481634310625e-05
6.853698533071492420e+02 1.748067636054345971e-10 9.313220705273222416e-06
6.917158704674005776e+02 8.030981649142601364e-11 4.344917490679303720e-06
