3.141592653589793116e+00 3.278184883637334703e-03 2.209106047214298013e-02
9.728123991210662069e+00 1.071748057432202628e-03 4.751249831688967445e-02
1.663264660840772891e+01 8.527937062068557082e-04 9.242289902282267711e-02
2.387051281259490310e+01 4.737494153493733645e-04 9.375294860324702440e-02
3.145781610554603347e+01 3.977101453089823611e-04 1.246754521440772423e-01
3.941142696753238539e+01 2.969208490307000711e-04 1.355223612087607388e-01
4.774903036908323628e+01 2.004938101553624126e-04 1.260013593982234892e-01
5.648916509377748696e+01 1.842520773203539333e-04 1.532337110330680152e-01
6.565126495950116237e+01 1.153799110414729419e-04 1.232732077661012060e-01
7.525570202982679291e+01 8.098164948139675368e-05 1.086306315079656193e-01
9.474131566775884039e+01 3.786519233526977856e-05 7.455426955806827849e-02
1.192722498409544869e+02 1.629897648757566993e-05 4.710416963652418881e-02
1.501548662466404380e+02 5.458382305435286620e-06 2.315419231639695083e-02
1.890337768224499087e+02 1.653128649797017931e-06 1.029292966216642860e-02
2.379794253292094766e+02 5.592596748273003901e-07 5.111078190448086790e-03
2.995983460311143176e+02 2.302842613733567109e-07 3.089085601433676394e-03
3.771719711500720109e+02 8.049034514615688061e-08 1.584806128994347991e-03
4.748313790973222126e+02 1.151369178170910181e-08 3.327465937764225367e-04
